"power_at_n" "es" "cor" "sd" "id"
"2...1" 0.11 -0.4 0.2 0.8 1
"3...2" 0.14 -0.4 0.2 0.8 2
"4...3" 0.18 -0.4 0.2 0.8 3
"5...4" 0.19 -0.4 0.2 0.8 4
"6...5" 0.24 -0.4 0.2 0.8 5
"7...6" 0.26 -0.4 0.2 0.8 6
"8...7" 0.27 -0.4 0.2 0.8 7
"9...8" 0.29 -0.4 0.2 0.8 8
"10...9" 0.26 -0.4 0.2 0.8 9
"11...10" 0.25 -0.4 0.2 0.8 10
"12...11" 0.45 -0.4 0.2 0.8 11
"13...12" 0.31 -0.4 0.2 0.8 12
"14...13" 0.42 -0.4 0.2 0.8 13
"15...14" 0.42 -0.4 0.2 0.8 14
"16...15" 0.45 -0.4 0.2 0.8 15
"17...16" 0.43 -0.4 0.2 0.8 16
"18...17" 0.56 -0.4 0.2 0.8 17
"19...18" 0.5 -0.4 0.2 0.8 18
"20...19" 0.56 -0.4 0.2 0.8 19
"21...20" 0.46 -0.4 0.2 0.8 20
"22...21" 0.6 -0.4 0.2 0.8 21
"23...22" 0.57 -0.4 0.2 0.8 22
"24...23" 0.69 -0.4 0.2 0.8 23
"25...24" 0.61 -0.4 0.2 0.8 24
"26...25" 0.69 -0.4 0.2 0.8 25
"27...26" 0.58 -0.4 0.2 0.8 26
"28...27" 0.66 -0.4 0.2 0.8 27
"29...28" 0.71 -0.4 0.2 0.8 28
"30...29" 0.7 -0.4 0.2 0.8 29
"31...30" 0.65 -0.4 0.2 0.8 30
"32...31" 0.8 -0.4 0.2 0.8 31
"33...32" 0.73 -0.4 0.2 0.8 32
"34...33" 0.77 -0.4 0.2 0.8 33
"35...34" 0.76 -0.4 0.2 0.8 34
"36...35" 0.78 -0.4 0.2 0.8 35
"37...36" 0.78 -0.4 0.2 0.8 36
"38...37" 0.78 -0.4 0.2 0.8 37
"39...38" 0.87 -0.4 0.2 0.8 38
"40...39" 0.88 -0.4 0.2 0.8 39
"41...40" 0.78 -0.4 0.2 0.8 40
"42...41" 0.84 -0.4 0.2 0.8 41
"43...42" 0.82 -0.4 0.2 0.8 42
"44...43" 0.79 -0.4 0.2 0.8 43
"45...44" 0.76 -0.4 0.2 0.8 44
"46...45" 0.83 -0.4 0.2 0.8 45
"47...46" 0.86 -0.4 0.2 0.8 46
"48...47" 0.85 -0.4 0.2 0.8 47
"49...48" 0.93 -0.4 0.2 0.8 48
"50...49" 0.89 -0.4 0.2 0.8 49
"51...50" 0.86 -0.4 0.2 0.8 50
"52...51" 0.87 -0.4 0.2 0.8 51
"53...52" 0.92 -0.4 0.2 0.8 52
"54...53" 0.93 -0.4 0.2 0.8 53
"55...54" 0.9 -0.4 0.2 0.8 54
"56...55" 0.89 -0.4 0.2 0.8 55
"57...56" 0.88 -0.4 0.2 0.8 56
"58...57" 0.96 -0.4 0.2 0.8 57
"2...58" 0.11 -0.4 0.4 0.8 1
"3...59" 0.14 -0.4 0.4 0.8 2
"4...60" 0.18 -0.4 0.4 0.8 3
"5...61" 0.19 -0.4 0.4 0.8 4
"6...62" 0.24 -0.4 0.4 0.8 5
"7...63" 0.26 -0.4 0.4 0.8 6
"8...64" 0.27 -0.4 0.4 0.8 7
"9...65" 0.29 -0.4 0.4 0.8 8
"10...66" 0.26 -0.4 0.4 0.8 9
"11...67" 0.25 -0.4 0.4 0.8 10
"12...68" 0.45 -0.4 0.4 0.8 11
"13...69" 0.31 -0.4 0.4 0.8 12
"14...70" 0.42 -0.4 0.4 0.8 13
"15...71" 0.42 -0.4 0.4 0.8 14
"16...72" 0.45 -0.4 0.4 0.8 15
"17...73" 0.43 -0.4 0.4 0.8 16
"18...74" 0.56 -0.4 0.4 0.8 17
"19...75" 0.5 -0.4 0.4 0.8 18
"20...76" 0.56 -0.4 0.4 0.8 19
"21...77" 0.46 -0.4 0.4 0.8 20
"22...78" 0.6 -0.4 0.4 0.8 21
"23...79" 0.57 -0.4 0.4 0.8 22
"24...80" 0.69 -0.4 0.4 0.8 23
"25...81" 0.61 -0.4 0.4 0.8 24
"26...82" 0.69 -0.4 0.4 0.8 25
"27...83" 0.58 -0.4 0.4 0.8 26
"28...84" 0.66 -0.4 0.4 0.8 27
"29...85" 0.71 -0.4 0.4 0.8 28
"30...86" 0.7 -0.4 0.4 0.8 29
"31...87" 0.65 -0.4 0.4 0.8 30
"32...88" 0.8 -0.4 0.4 0.8 31
"33...89" 0.73 -0.4 0.4 0.8 32
"34...90" 0.77 -0.4 0.4 0.8 33
"35...91" 0.76 -0.4 0.4 0.8 34
"36...92" 0.78 -0.4 0.4 0.8 35
"37...93" 0.78 -0.4 0.4 0.8 36
"38...94" 0.78 -0.4 0.4 0.8 37
"39...95" 0.87 -0.4 0.4 0.8 38
"40...96" 0.88 -0.4 0.4 0.8 39
"41...97" 0.78 -0.4 0.4 0.8 40
"42...98" 0.84 -0.4 0.4 0.8 41
"43...99" 0.82 -0.4 0.4 0.8 42
"44...100" 0.79 -0.4 0.4 0.8 43
"45...101" 0.76 -0.4 0.4 0.8 44
"46...102" 0.83 -0.4 0.4 0.8 45
"47...103" 0.86 -0.4 0.4 0.8 46
"48...104" 0.85 -0.4 0.4 0.8 47
"49...105" 0.93 -0.4 0.4 0.8 48
"50...106" 0.89 -0.4 0.4 0.8 49
"51...107" 0.86 -0.4 0.4 0.8 50
"52...108" 0.87 -0.4 0.4 0.8 51
"53...109" 0.92 -0.4 0.4 0.8 52
"54...110" 0.93 -0.4 0.4 0.8 53
"55...111" 0.9 -0.4 0.4 0.8 54
"56...112" 0.89 -0.4 0.4 0.8 55
"57...113" 0.88 -0.4 0.4 0.8 56
"58...114" 0.96 -0.4 0.4 0.8 57
"2...115" 0.11 -0.4 0.6 0.8 1
"3...116" 0.14 -0.4 0.6 0.8 2
"4...117" 0.18 -0.4 0.6 0.8 3
"5...118" 0.19 -0.4 0.6 0.8 4
"6...119" 0.24 -0.4 0.6 0.8 5
"7...120" 0.26 -0.4 0.6 0.8 6
"8...121" 0.27 -0.4 0.6 0.8 7
"9...122" 0.29 -0.4 0.6 0.8 8
"10...123" 0.26 -0.4 0.6 0.8 9
"11...124" 0.25 -0.4 0.6 0.8 10
"12...125" 0.45 -0.4 0.6 0.8 11
"13...126" 0.31 -0.4 0.6 0.8 12
"14...127" 0.42 -0.4 0.6 0.8 13
"15...128" 0.42 -0.4 0.6 0.8 14
"16...129" 0.45 -0.4 0.6 0.8 15
"17...130" 0.43 -0.4 0.6 0.8 16
"18...131" 0.56 -0.4 0.6 0.8 17
"19...132" 0.5 -0.4 0.6 0.8 18
"20...133" 0.56 -0.4 0.6 0.8 19
"21...134" 0.46 -0.4 0.6 0.8 20
"22...135" 0.6 -0.4 0.6 0.8 21
"23...136" 0.57 -0.4 0.6 0.8 22
"24...137" 0.69 -0.4 0.6 0.8 23
"25...138" 0.61 -0.4 0.6 0.8 24
"26...139" 0.69 -0.4 0.6 0.8 25
"27...140" 0.58 -0.4 0.6 0.8 26
"28...141" 0.66 -0.4 0.6 0.8 27
"29...142" 0.71 -0.4 0.6 0.8 28
"30...143" 0.7 -0.4 0.6 0.8 29
"31...144" 0.65 -0.4 0.6 0.8 30
"32...145" 0.8 -0.4 0.6 0.8 31
"33...146" 0.73 -0.4 0.6 0.8 32
"34...147" 0.77 -0.4 0.6 0.8 33
"35...148" 0.76 -0.4 0.6 0.8 34
"36...149" 0.78 -0.4 0.6 0.8 35
"37...150" 0.78 -0.4 0.6 0.8 36
"38...151" 0.78 -0.4 0.6 0.8 37
"39...152" 0.87 -0.4 0.6 0.8 38
"40...153" 0.88 -0.4 0.6 0.8 39
"41...154" 0.78 -0.4 0.6 0.8 40
"42...155" 0.84 -0.4 0.6 0.8 41
"43...156" 0.82 -0.4 0.6 0.8 42
"44...157" 0.79 -0.4 0.6 0.8 43
"45...158" 0.76 -0.4 0.6 0.8 44
"46...159" 0.83 -0.4 0.6 0.8 45
"47...160" 0.86 -0.4 0.6 0.8 46
"48...161" 0.85 -0.4 0.6 0.8 47
"49...162" 0.93 -0.4 0.6 0.8 48
"50...163" 0.89 -0.4 0.6 0.8 49
"51...164" 0.86 -0.4 0.6 0.8 50
"52...165" 0.87 -0.4 0.6 0.8 51
"53...166" 0.92 -0.4 0.6 0.8 52
"54...167" 0.93 -0.4 0.6 0.8 53
"55...168" 0.9 -0.4 0.6 0.8 54
"56...169" 0.89 -0.4 0.6 0.8 55
"57...170" 0.88 -0.4 0.6 0.8 56
"58...171" 0.96 -0.4 0.6 0.8 57
"2...172" 0.11 -0.5 0.2 0.8 1
"3...173" 0.17 -0.5 0.2 0.8 2
"4...174" 0.21 -0.5 0.2 0.8 3
"5...175" 0.23 -0.5 0.2 0.8 4
"6...176" 0.25 -0.5 0.2 0.8 5
"7...177" 0.36 -0.5 0.2 0.8 6
"8...178" 0.36 -0.5 0.2 0.8 7
"9...179" 0.42 -0.5 0.2 0.8 8
"10...180" 0.37 -0.5 0.2 0.8 9
"11...181" 0.39 -0.5 0.2 0.8 10
"12...182" 0.61 -0.5 0.2 0.8 11
"13...183" 0.43 -0.5 0.2 0.8 12
"14...184" 0.54 -0.5 0.2 0.8 13
"15...185" 0.57 -0.5 0.2 0.8 14
"16...186" 0.59 -0.5 0.2 0.8 15
"17...187" 0.58 -0.5 0.2 0.8 16
"18...188" 0.68 -0.5 0.2 0.8 17
"19...189" 0.65 -0.5 0.2 0.8 18
"20...190" 0.64 -0.5 0.2 0.8 19
"21...191" 0.64 -0.5 0.2 0.8 20
"22...192" 0.77 -0.5 0.2 0.8 21
"23...193" 0.76 -0.5 0.2 0.8 22
"24...194" 0.8 -0.5 0.2 0.8 23
"25...195" 0.73 -0.5 0.2 0.8 24
"26...196" 0.85 -0.5 0.2 0.8 25
"27...197" 0.73 -0.5 0.2 0.8 26
"28...198" 0.83 -0.5 0.2 0.8 27
"29...199" 0.81 -0.5 0.2 0.8 28
"30...200" 0.83 -0.5 0.2 0.8 29
"31...201" 0.84 -0.5 0.2 0.8 30
"32...202" 0.93 -0.5 0.2 0.8 31
"33...203" 0.84 -0.5 0.2 0.8 32
"34...204" 0.92 -0.5 0.2 0.8 33
"35...205" 0.9 -0.5 0.2 0.8 34
"36...206" 0.88 -0.5 0.2 0.8 35
"37...207" 0.93 -0.5 0.2 0.8 36
"38...208" 0.91 -0.5 0.2 0.8 37
"39...209" 0.94 -0.5 0.2 0.8 38
"40...210" 0.97 -0.5 0.2 0.8 39
"2...211" 0.11 -0.5 0.4 0.8 1
"3...212" 0.17 -0.5 0.4 0.8 2
"4...213" 0.21 -0.5 0.4 0.8 3
"5...214" 0.23 -0.5 0.4 0.8 4
"6...215" 0.25 -0.5 0.4 0.8 5
"7...216" 0.36 -0.5 0.4 0.8 6
"8...217" 0.36 -0.5 0.4 0.8 7
"9...218" 0.42 -0.5 0.4 0.8 8
"10...219" 0.37 -0.5 0.4 0.8 9
"11...220" 0.39 -0.5 0.4 0.8 10
"12...221" 0.61 -0.5 0.4 0.8 11
"13...222" 0.43 -0.5 0.4 0.8 12
"14...223" 0.54 -0.5 0.4 0.8 13
"15...224" 0.57 -0.5 0.4 0.8 14
"16...225" 0.59 -0.5 0.4 0.8 15
"17...226" 0.58 -0.5 0.4 0.8 16
"18...227" 0.68 -0.5 0.4 0.8 17
"19...228" 0.65 -0.5 0.4 0.8 18
"20...229" 0.64 -0.5 0.4 0.8 19
"21...230" 0.64 -0.5 0.4 0.8 20
"22...231" 0.77 -0.5 0.4 0.8 21
"23...232" 0.76 -0.5 0.4 0.8 22
"24...233" 0.8 -0.5 0.4 0.8 23
"25...234" 0.73 -0.5 0.4 0.8 24
"26...235" 0.85 -0.5 0.4 0.8 25
"27...236" 0.73 -0.5 0.4 0.8 26
"28...237" 0.83 -0.5 0.4 0.8 27
"29...238" 0.81 -0.5 0.4 0.8 28
"30...239" 0.83 -0.5 0.4 0.8 29
"31...240" 0.84 -0.5 0.4 0.8 30
"32...241" 0.93 -0.5 0.4 0.8 31
"33...242" 0.84 -0.5 0.4 0.8 32
"34...243" 0.92 -0.5 0.4 0.8 33
"35...244" 0.9 -0.5 0.4 0.8 34
"36...245" 0.88 -0.5 0.4 0.8 35
"37...246" 0.93 -0.5 0.4 0.8 36
"38...247" 0.91 -0.5 0.4 0.8 37
"39...248" 0.94 -0.5 0.4 0.8 38
"40...249" 0.97 -0.5 0.4 0.8 39
"2...250" 0.11 -0.5 0.6 0.8 1
"3...251" 0.17 -0.5 0.6 0.8 2
"4...252" 0.21 -0.5 0.6 0.8 3
"5...253" 0.23 -0.5 0.6 0.8 4
"6...254" 0.25 -0.5 0.6 0.8 5
"7...255" 0.36 -0.5 0.6 0.8 6
"8...256" 0.36 -0.5 0.6 0.8 7
"9...257" 0.42 -0.5 0.6 0.8 8
"10...258" 0.37 -0.5 0.6 0.8 9
"11...259" 0.39 -0.5 0.6 0.8 10
"12...260" 0.61 -0.5 0.6 0.8 11
"13...261" 0.43 -0.5 0.6 0.8 12
"14...262" 0.54 -0.5 0.6 0.8 13
"15...263" 0.57 -0.5 0.6 0.8 14
"16...264" 0.59 -0.5 0.6 0.8 15
"17...265" 0.58 -0.5 0.6 0.8 16
"18...266" 0.68 -0.5 0.6 0.8 17
"19...267" 0.65 -0.5 0.6 0.8 18
"20...268" 0.64 -0.5 0.6 0.8 19
"21...269" 0.64 -0.5 0.6 0.8 20
"22...270" 0.77 -0.5 0.6 0.8 21
"23...271" 0.76 -0.5 0.6 0.8 22
"24...272" 0.8 -0.5 0.6 0.8 23
"25...273" 0.73 -0.5 0.6 0.8 24
"26...274" 0.85 -0.5 0.6 0.8 25
"27...275" 0.73 -0.5 0.6 0.8 26
"28...276" 0.83 -0.5 0.6 0.8 27
"29...277" 0.81 -0.5 0.6 0.8 28
"30...278" 0.83 -0.5 0.6 0.8 29
"31...279" 0.84 -0.5 0.6 0.8 30
"32...280" 0.93 -0.5 0.6 0.8 31
"33...281" 0.84 -0.5 0.6 0.8 32
"34...282" 0.92 -0.5 0.6 0.8 33
"35...283" 0.9 -0.5 0.6 0.8 34
"36...284" 0.88 -0.5 0.6 0.8 35
"37...285" 0.93 -0.5 0.6 0.8 36
"38...286" 0.91 -0.5 0.6 0.8 37
"39...287" 0.94 -0.5 0.6 0.8 38
"40...288" 0.97 -0.5 0.6 0.8 39
"2...289" 0.12 -0.7 0.2 0.8 1
"3...290" 0.27 -0.7 0.2 0.8 2
"4...291" 0.28 -0.7 0.2 0.8 3
"5...292" 0.31 -0.7 0.2 0.8 4
"6...293" 0.33 -0.7 0.2 0.8 5
"7...294" 0.58 -0.7 0.2 0.8 6
"8...295" 0.58 -0.7 0.2 0.8 7
"9...296" 0.6 -0.7 0.2 0.8 8
"10...297" 0.55 -0.7 0.2 0.8 9
"11...298" 0.65 -0.7 0.2 0.8 10
"12...299" 0.75 -0.7 0.2 0.8 11
"13...300" 0.72 -0.7 0.2 0.8 12
"14...301" 0.79 -0.7 0.2 0.8 13
"15...302" 0.83 -0.7 0.2 0.8 14
"16...303" 0.84 -0.7 0.2 0.8 15
"17...304" 0.85 -0.7 0.2 0.8 16
"18...305" 0.86 -0.7 0.2 0.8 17
"19...306" 0.94 -0.7 0.2 0.8 18
"20...307" 0.9 -0.7 0.2 0.8 19
"21...308" 0.92 -0.7 0.2 0.8 20
"22...309" 0.94 -0.7 0.2 0.8 21
"23...310" 0.96 -0.7 0.2 0.8 22
"2...311" 0.12 -0.7 0.4 0.8 1
"3...312" 0.27 -0.7 0.4 0.8 2
"4...313" 0.28 -0.7 0.4 0.8 3
"5...314" 0.31 -0.7 0.4 0.8 4
"6...315" 0.33 -0.7 0.4 0.8 5
"7...316" 0.58 -0.7 0.4 0.8 6
"8...317" 0.58 -0.7 0.4 0.8 7
"9...318" 0.6 -0.7 0.4 0.8 8
"10...319" 0.55 -0.7 0.4 0.8 9
"11...320" 0.65 -0.7 0.4 0.8 10
"12...321" 0.75 -0.7 0.4 0.8 11
"13...322" 0.72 -0.7 0.4 0.8 12
"14...323" 0.79 -0.7 0.4 0.8 13
"15...324" 0.83 -0.7 0.4 0.8 14
"16...325" 0.84 -0.7 0.4 0.8 15
"17...326" 0.85 -0.7 0.4 0.8 16
"18...327" 0.86 -0.7 0.4 0.8 17
"19...328" 0.94 -0.7 0.4 0.8 18
"20...329" 0.9 -0.7 0.4 0.8 19
"21...330" 0.92 -0.7 0.4 0.8 20
"22...331" 0.94 -0.7 0.4 0.8 21
"23...332" 0.96 -0.7 0.4 0.8 22
"2...333" 0.12 -0.7 0.6 0.8 1
"3...334" 0.27 -0.7 0.6 0.8 2
"4...335" 0.28 -0.7 0.6 0.8 3
"5...336" 0.31 -0.7 0.6 0.8 4
"6...337" 0.33 -0.7 0.6 0.8 5
"7...338" 0.58 -0.7 0.6 0.8 6
"8...339" 0.58 -0.7 0.6 0.8 7
"9...340" 0.6 -0.7 0.6 0.8 8
"10...341" 0.55 -0.7 0.6 0.8 9
"11...342" 0.65 -0.7 0.6 0.8 10
"12...343" 0.75 -0.7 0.6 0.8 11
"13...344" 0.72 -0.7 0.6 0.8 12
"14...345" 0.79 -0.7 0.6 0.8 13
"15...346" 0.83 -0.7 0.6 0.8 14
"16...347" 0.84 -0.7 0.6 0.8 15
"17...348" 0.85 -0.7 0.6 0.8 16
"18...349" 0.86 -0.7 0.6 0.8 17
"19...350" 0.94 -0.7 0.6 0.8 18
"20...351" 0.9 -0.7 0.6 0.8 19
"21...352" 0.92 -0.7 0.6 0.8 20
"22...353" 0.94 -0.7 0.6 0.8 21
"23...354" 0.96 -0.7 0.6 0.8 22
"2...355" 0.11 -0.4 0.2 1 1
"3...356" 0.12 -0.4 0.2 1 2
"4...357" 0.17 -0.4 0.2 1 3
"5...358" 0.19 -0.4 0.2 1 4
"6...359" 0.2 -0.4 0.2 1 5
"7...360" 0.18 -0.4 0.2 1 6
"8...361" 0.23 -0.4 0.2 1 7
"9...362" 0.25 -0.4 0.2 1 8
"10...363" 0.21 -0.4 0.2 1 9
"11...364" 0.2 -0.4 0.2 1 10
"12...365" 0.33 -0.4 0.2 1 11
"13...366" 0.23 -0.4 0.2 1 12
"14...367" 0.38 -0.4 0.2 1 13
"15...368" 0.27 -0.4 0.2 1 14
"16...369" 0.3 -0.4 0.2 1 15
"17...370" 0.34 -0.4 0.2 1 16
"18...371" 0.45 -0.4 0.2 1 17
"19...372" 0.33 -0.4 0.2 1 18
"20...373" 0.45 -0.4 0.2 1 19
"21...374" 0.33 -0.4 0.2 1 20
"22...375" 0.42 -0.4 0.2 1 21
"23...376" 0.49 -0.4 0.2 1 22
"24...377" 0.47 -0.4 0.2 1 23
"25...378" 0.43 -0.4 0.2 1 24
"26...379" 0.54 -0.4 0.2 1 25
"27...380" 0.49 -0.4 0.2 1 26
"28...381" 0.51 -0.4 0.2 1 27
"29...382" 0.48 -0.4 0.2 1 28
"30...383" 0.5 -0.4 0.2 1 29
"31...384" 0.52 -0.4 0.2 1 30
"32...385" 0.62 -0.4 0.2 1 31
"33...386" 0.57 -0.4 0.2 1 32
"34...387" 0.53 -0.4 0.2 1 33
"35...388" 0.58 -0.4 0.2 1 34
"36...389" 0.51 -0.4 0.2 1 35
"37...390" 0.6 -0.4 0.2 1 36
"38...391" 0.61 -0.4 0.2 1 37
"39...392" 0.7 -0.4 0.2 1 38
"40...393" 0.66 -0.4 0.2 1 39
"41...394" 0.58 -0.4 0.2 1 40
"42...395" 0.75 -0.4 0.2 1 41
"43...396" 0.62 -0.4 0.2 1 42
"44...397" 0.65 -0.4 0.2 1 43
"45...398" 0.63 -0.4 0.2 1 44
"46...399" 0.66 -0.4 0.2 1 45
"47...400" 0.74 -0.4 0.2 1 46
"48...401" 0.71 -0.4 0.2 1 47
"49...402" 0.81 -0.4 0.2 1 48
"50...403" 0.74 -0.4 0.2 1 49
"51...404" 0.78 -0.4 0.2 1 50
"52...405" 0.63 -0.4 0.2 1 51
"53...406" 0.76 -0.4 0.2 1 52
"54...407" 0.8 -0.4 0.2 1 53
"55...408" 0.72 -0.4 0.2 1 54
"56...409" 0.74 -0.4 0.2 1 55
"57...410" 0.72 -0.4 0.2 1 56
"58...411" 0.79 -0.4 0.2 1 57
"59...412" 0.77 -0.4 0.2 1 58
"60...413" 0.79 -0.4 0.2 1 59
"61...414" 0.8 -0.4 0.2 1 60
"62...415" 0.8 -0.4 0.2 1 61
"63...416" 0.79 -0.4 0.2 1 62
"64...417" 0.79 -0.4 0.2 1 63
"65...418" 0.75 -0.4 0.2 1 64
"66...419" 0.84 -0.4 0.2 1 65
"67...420" 0.82 -0.4 0.2 1 66
"68...421" 0.87 -0.4 0.2 1 67
"69...422" 0.88 -0.4 0.2 1 68
"70...423" 0.82 -0.4 0.2 1 69
"71...424" 0.79 -0.4 0.2 1 70
"72...425" 0.79 -0.4 0.2 1 71
"73...426" 0.86 -0.4 0.2 1 72
"74...427" 0.84 -0.4 0.2 1 73
"75...428" 0.91 -0.4 0.2 1 74
"76...429" 0.86 -0.4 0.2 1 75
"77...430" 0.91 -0.4 0.2 1 76
"78...431" 0.94 -0.4 0.2 1 77
"79...432" 0.92 -0.4 0.2 1 78
"80...433" 0.88 -0.4 0.2 1 79
"81...434" 0.92 -0.4 0.2 1 80
"82...435" 0.87 -0.4 0.2 1 81
"83...436" 0.88 -0.4 0.2 1 82
"84...437" 0.96 -0.4 0.2 1 83
"2...438" 0.11 -0.4 0.4 1 1
"3...439" 0.12 -0.4 0.4 1 2
"4...440" 0.17 -0.4 0.4 1 3
"5...441" 0.19 -0.4 0.4 1 4
"6...442" 0.2 -0.4 0.4 1 5
"7...443" 0.18 -0.4 0.4 1 6
"8...444" 0.23 -0.4 0.4 1 7
"9...445" 0.25 -0.4 0.4 1 8
"10...446" 0.21 -0.4 0.4 1 9
"11...447" 0.2 -0.4 0.4 1 10
"12...448" 0.33 -0.4 0.4 1 11
"13...449" 0.23 -0.4 0.4 1 12
"14...450" 0.38 -0.4 0.4 1 13
"15...451" 0.27 -0.4 0.4 1 14
"16...452" 0.3 -0.4 0.4 1 15
"17...453" 0.34 -0.4 0.4 1 16
"18...454" 0.45 -0.4 0.4 1 17
"19...455" 0.33 -0.4 0.4 1 18
"20...456" 0.45 -0.4 0.4 1 19
"21...457" 0.33 -0.4 0.4 1 20
"22...458" 0.42 -0.4 0.4 1 21
"23...459" 0.49 -0.4 0.4 1 22
"24...460" 0.47 -0.4 0.4 1 23
"25...461" 0.43 -0.4 0.4 1 24
"26...462" 0.54 -0.4 0.4 1 25
"27...463" 0.49 -0.4 0.4 1 26
"28...464" 0.51 -0.4 0.4 1 27
"29...465" 0.48 -0.4 0.4 1 28
"30...466" 0.5 -0.4 0.4 1 29
"31...467" 0.52 -0.4 0.4 1 30
"32...468" 0.62 -0.4 0.4 1 31
"33...469" 0.57 -0.4 0.4 1 32
"34...470" 0.53 -0.4 0.4 1 33
"35...471" 0.58 -0.4 0.4 1 34
"36...472" 0.51 -0.4 0.4 1 35
"37...473" 0.6 -0.4 0.4 1 36
"38...474" 0.61 -0.4 0.4 1 37
"39...475" 0.7 -0.4 0.4 1 38
"40...476" 0.66 -0.4 0.4 1 39
"41...477" 0.58 -0.4 0.4 1 40
"42...478" 0.75 -0.4 0.4 1 41
"43...479" 0.62 -0.4 0.4 1 42
"44...480" 0.65 -0.4 0.4 1 43
"45...481" 0.63 -0.4 0.4 1 44
"46...482" 0.66 -0.4 0.4 1 45
"47...483" 0.74 -0.4 0.4 1 46
"48...484" 0.71 -0.4 0.4 1 47
"49...485" 0.81 -0.4 0.4 1 48
"50...486" 0.74 -0.4 0.4 1 49
"51...487" 0.78 -0.4 0.4 1 50
"52...488" 0.63 -0.4 0.4 1 51
"53...489" 0.76 -0.4 0.4 1 52
"54...490" 0.8 -0.4 0.4 1 53
"55...491" 0.72 -0.4 0.4 1 54
"56...492" 0.74 -0.4 0.4 1 55
"57...493" 0.72 -0.4 0.4 1 56
"58...494" 0.79 -0.4 0.4 1 57
"59...495" 0.77 -0.4 0.4 1 58
"60...496" 0.79 -0.4 0.4 1 59
"61...497" 0.8 -0.4 0.4 1 60
"62...498" 0.8 -0.4 0.4 1 61
"63...499" 0.79 -0.4 0.4 1 62
"64...500" 0.79 -0.4 0.4 1 63
"65...501" 0.75 -0.4 0.4 1 64
"66...502" 0.84 -0.4 0.4 1 65
"67...503" 0.82 -0.4 0.4 1 66
"68...504" 0.87 -0.4 0.4 1 67
"69...505" 0.88 -0.4 0.4 1 68
"70...506" 0.82 -0.4 0.4 1 69
"71...507" 0.79 -0.4 0.4 1 70
"72...508" 0.79 -0.4 0.4 1 71
"73...509" 0.86 -0.4 0.4 1 72
"74...510" 0.84 -0.4 0.4 1 73
"75...511" 0.91 -0.4 0.4 1 74
"76...512" 0.86 -0.4 0.4 1 75
"77...513" 0.91 -0.4 0.4 1 76
"78...514" 0.94 -0.4 0.4 1 77
"79...515" 0.92 -0.4 0.4 1 78
"80...516" 0.88 -0.4 0.4 1 79
"81...517" 0.92 -0.4 0.4 1 80
"82...518" 0.87 -0.4 0.4 1 81
"83...519" 0.88 -0.4 0.4 1 82
"84...520" 0.96 -0.4 0.4 1 83
"2...521" 0.11 -0.4 0.6 1 1
"3...522" 0.12 -0.4 0.6 1 2
"4...523" 0.17 -0.4 0.6 1 3
"5...524" 0.19 -0.4 0.6 1 4
"6...525" 0.2 -0.4 0.6 1 5
"7...526" 0.18 -0.4 0.6 1 6
"8...527" 0.23 -0.4 0.6 1 7
"9...528" 0.25 -0.4 0.6 1 8
"10...529" 0.21 -0.4 0.6 1 9
"11...530" 0.2 -0.4 0.6 1 10
"12...531" 0.33 -0.4 0.6 1 11
"13...532" 0.23 -0.4 0.6 1 12
"14...533" 0.38 -0.4 0.6 1 13
"15...534" 0.27 -0.4 0.6 1 14
"16...535" 0.3 -0.4 0.6 1 15
"17...536" 0.34 -0.4 0.6 1 16
"18...537" 0.45 -0.4 0.6 1 17
"19...538" 0.33 -0.4 0.6 1 18
"20...539" 0.45 -0.4 0.6 1 19
"21...540" 0.33 -0.4 0.6 1 20
"22...541" 0.42 -0.4 0.6 1 21
"23...542" 0.49 -0.4 0.6 1 22
"24...543" 0.47 -0.4 0.6 1 23
"25...544" 0.43 -0.4 0.6 1 24
"26...545" 0.54 -0.4 0.6 1 25
"27...546" 0.49 -0.4 0.6 1 26
"28...547" 0.51 -0.4 0.6 1 27
"29...548" 0.48 -0.4 0.6 1 28
"30...549" 0.5 -0.4 0.6 1 29
"31...550" 0.52 -0.4 0.6 1 30
"32...551" 0.62 -0.4 0.6 1 31
"33...552" 0.57 -0.4 0.6 1 32
"34...553" 0.53 -0.4 0.6 1 33
"35...554" 0.58 -0.4 0.6 1 34
"36...555" 0.51 -0.4 0.6 1 35
"37...556" 0.6 -0.4 0.6 1 36
"38...557" 0.61 -0.4 0.6 1 37
"39...558" 0.7 -0.4 0.6 1 38
"40...559" 0.66 -0.4 0.6 1 39
"41...560" 0.58 -0.4 0.6 1 40
"42...561" 0.75 -0.4 0.6 1 41
"43...562" 0.62 -0.4 0.6 1 42
"44...563" 0.65 -0.4 0.6 1 43
"45...564" 0.63 -0.4 0.6 1 44
"46...565" 0.66 -0.4 0.6 1 45
"47...566" 0.74 -0.4 0.6 1 46
"48...567" 0.71 -0.4 0.6 1 47
"49...568" 0.81 -0.4 0.6 1 48
"50...569" 0.74 -0.4 0.6 1 49
"51...570" 0.78 -0.4 0.6 1 50
"52...571" 0.63 -0.4 0.6 1 51
"53...572" 0.76 -0.4 0.6 1 52
"54...573" 0.8 -0.4 0.6 1 53
"55...574" 0.72 -0.4 0.6 1 54
"56...575" 0.74 -0.4 0.6 1 55
"57...576" 0.72 -0.4 0.6 1 56
"58...577" 0.79 -0.4 0.6 1 57
"59...578" 0.77 -0.4 0.6 1 58
"60...579" 0.79 -0.4 0.6 1 59
"61...580" 0.8 -0.4 0.6 1 60
"62...581" 0.8 -0.4 0.6 1 61
"63...582" 0.79 -0.4 0.6 1 62
"64...583" 0.79 -0.4 0.6 1 63
"65...584" 0.75 -0.4 0.6 1 64
"66...585" 0.84 -0.4 0.6 1 65
"67...586" 0.82 -0.4 0.6 1 66
"68...587" 0.87 -0.4 0.6 1 67
"69...588" 0.88 -0.4 0.6 1 68
"70...589" 0.82 -0.4 0.6 1 69
"71...590" 0.79 -0.4 0.6 1 70
"72...591" 0.79 -0.4 0.6 1 71
"73...592" 0.86 -0.4 0.6 1 72
"74...593" 0.84 -0.4 0.6 1 73
"75...594" 0.91 -0.4 0.6 1 74
"76...595" 0.86 -0.4 0.6 1 75
"77...596" 0.91 -0.4 0.6 1 76
"78...597" 0.94 -0.4 0.6 1 77
"79...598" 0.92 -0.4 0.6 1 78
"80...599" 0.88 -0.4 0.6 1 79
"81...600" 0.92 -0.4 0.6 1 80
"82...601" 0.87 -0.4 0.6 1 81
"83...602" 0.88 -0.4 0.6 1 82
"84...603" 0.96 -0.4 0.6 1 83
"2...604" 0.11 -0.5 0.2 1 1
"3...605" 0.14 -0.5 0.2 1 2
"4...606" 0.18 -0.5 0.2 1 3
"5...607" 0.19 -0.5 0.2 1 4
"6...608" 0.24 -0.5 0.2 1 5
"7...609" 0.26 -0.5 0.2 1 6
"8...610" 0.27 -0.5 0.2 1 7
"9...611" 0.29 -0.5 0.2 1 8
"10...612" 0.26 -0.5 0.2 1 9
"11...613" 0.25 -0.5 0.2 1 10
"12...614" 0.45 -0.5 0.2 1 11
"13...615" 0.31 -0.5 0.2 1 12
"14...616" 0.42 -0.5 0.2 1 13
"15...617" 0.42 -0.5 0.2 1 14
"16...618" 0.45 -0.5 0.2 1 15
"17...619" 0.43 -0.5 0.2 1 16
"18...620" 0.56 -0.5 0.2 1 17
"19...621" 0.5 -0.5 0.2 1 18
"20...622" 0.56 -0.5 0.2 1 19
"21...623" 0.46 -0.5 0.2 1 20
"22...624" 0.6 -0.5 0.2 1 21
"23...625" 0.57 -0.5 0.2 1 22
"24...626" 0.69 -0.5 0.2 1 23
"25...627" 0.61 -0.5 0.2 1 24
"26...628" 0.69 -0.5 0.2 1 25
"27...629" 0.58 -0.5 0.2 1 26
"28...630" 0.66 -0.5 0.2 1 27
"29...631" 0.71 -0.5 0.2 1 28
"30...632" 0.7 -0.5 0.2 1 29
"31...633" 0.65 -0.5 0.2 1 30
"32...634" 0.8 -0.5 0.2 1 31
"33...635" 0.73 -0.5 0.2 1 32
"34...636" 0.77 -0.5 0.2 1 33
"35...637" 0.76 -0.5 0.2 1 34
"36...638" 0.78 -0.5 0.2 1 35
"37...639" 0.78 -0.5 0.2 1 36
"38...640" 0.78 -0.5 0.2 1 37
"39...641" 0.87 -0.5 0.2 1 38
"40...642" 0.88 -0.5 0.2 1 39
"41...643" 0.78 -0.5 0.2 1 40
"42...644" 0.84 -0.5 0.2 1 41
"43...645" 0.82 -0.5 0.2 1 42
"44...646" 0.79 -0.5 0.2 1 43
"45...647" 0.76 -0.5 0.2 1 44
"46...648" 0.83 -0.5 0.2 1 45
"47...649" 0.86 -0.5 0.2 1 46
"48...650" 0.85 -0.5 0.2 1 47
"49...651" 0.93 -0.5 0.2 1 48
"50...652" 0.89 -0.5 0.2 1 49
"51...653" 0.86 -0.5 0.2 1 50
"52...654" 0.87 -0.5 0.2 1 51
"53...655" 0.92 -0.5 0.2 1 52
"54...656" 0.93 -0.5 0.2 1 53
"55...657" 0.9 -0.5 0.2 1 54
"56...658" 0.89 -0.5 0.2 1 55
"57...659" 0.88 -0.5 0.2 1 56
"58...660" 0.96 -0.5 0.2 1 57
"2...661" 0.11 -0.5 0.4 1 1
"3...662" 0.14 -0.5 0.4 1 2
"4...663" 0.18 -0.5 0.4 1 3
"5...664" 0.19 -0.5 0.4 1 4
"6...665" 0.24 -0.5 0.4 1 5
"7...666" 0.26 -0.5 0.4 1 6
"8...667" 0.27 -0.5 0.4 1 7
"9...668" 0.29 -0.5 0.4 1 8
"10...669" 0.26 -0.5 0.4 1 9
"11...670" 0.25 -0.5 0.4 1 10
"12...671" 0.45 -0.5 0.4 1 11
"13...672" 0.31 -0.5 0.4 1 12
"14...673" 0.42 -0.5 0.4 1 13
"15...674" 0.42 -0.5 0.4 1 14
"16...675" 0.45 -0.5 0.4 1 15
"17...676" 0.43 -0.5 0.4 1 16
"18...677" 0.56 -0.5 0.4 1 17
"19...678" 0.5 -0.5 0.4 1 18
"20...679" 0.56 -0.5 0.4 1 19
"21...680" 0.46 -0.5 0.4 1 20
"22...681" 0.6 -0.5 0.4 1 21
"23...682" 0.57 -0.5 0.4 1 22
"24...683" 0.69 -0.5 0.4 1 23
"25...684" 0.61 -0.5 0.4 1 24
"26...685" 0.69 -0.5 0.4 1 25
"27...686" 0.58 -0.5 0.4 1 26
"28...687" 0.66 -0.5 0.4 1 27
"29...688" 0.71 -0.5 0.4 1 28
"30...689" 0.7 -0.5 0.4 1 29
"31...690" 0.65 -0.5 0.4 1 30
"32...691" 0.8 -0.5 0.4 1 31
"33...692" 0.73 -0.5 0.4 1 32
"34...693" 0.77 -0.5 0.4 1 33
"35...694" 0.76 -0.5 0.4 1 34
"36...695" 0.78 -0.5 0.4 1 35
"37...696" 0.78 -0.5 0.4 1 36
"38...697" 0.78 -0.5 0.4 1 37
"39...698" 0.87 -0.5 0.4 1 38
"40...699" 0.88 -0.5 0.4 1 39
"41...700" 0.78 -0.5 0.4 1 40
"42...701" 0.84 -0.5 0.4 1 41
"43...702" 0.82 -0.5 0.4 1 42
"44...703" 0.79 -0.5 0.4 1 43
"45...704" 0.76 -0.5 0.4 1 44
"46...705" 0.83 -0.5 0.4 1 45
"47...706" 0.86 -0.5 0.4 1 46
"48...707" 0.85 -0.5 0.4 1 47
"49...708" 0.93 -0.5 0.4 1 48
"50...709" 0.89 -0.5 0.4 1 49
"51...710" 0.86 -0.5 0.4 1 50
"52...711" 0.87 -0.5 0.4 1 51
"53...712" 0.92 -0.5 0.4 1 52
"54...713" 0.93 -0.5 0.4 1 53
"55...714" 0.9 -0.5 0.4 1 54
"56...715" 0.89 -0.5 0.4 1 55
"57...716" 0.88 -0.5 0.4 1 56
"58...717" 0.96 -0.5 0.4 1 57
"2...718" 0.11 -0.5 0.6 1 1
"3...719" 0.14 -0.5 0.6 1 2
"4...720" 0.18 -0.5 0.6 1 3
"5...721" 0.19 -0.5 0.6 1 4
"6...722" 0.24 -0.5 0.6 1 5
"7...723" 0.26 -0.5 0.6 1 6
"8...724" 0.27 -0.5 0.6 1 7
"9...725" 0.29 -0.5 0.6 1 8
"10...726" 0.26 -0.5 0.6 1 9
"11...727" 0.25 -0.5 0.6 1 10
"12...728" 0.45 -0.5 0.6 1 11
"13...729" 0.31 -0.5 0.6 1 12
"14...730" 0.42 -0.5 0.6 1 13
"15...731" 0.42 -0.5 0.6 1 14
"16...732" 0.45 -0.5 0.6 1 15
"17...733" 0.43 -0.5 0.6 1 16
"18...734" 0.56 -0.5 0.6 1 17
"19...735" 0.5 -0.5 0.6 1 18
"20...736" 0.56 -0.5 0.6 1 19
"21...737" 0.46 -0.5 0.6 1 20
"22...738" 0.6 -0.5 0.6 1 21
"23...739" 0.57 -0.5 0.6 1 22
"24...740" 0.69 -0.5 0.6 1 23
"25...741" 0.61 -0.5 0.6 1 24
"26...742" 0.69 -0.5 0.6 1 25
"27...743" 0.58 -0.5 0.6 1 26
"28...744" 0.66 -0.5 0.6 1 27
"29...745" 0.71 -0.5 0.6 1 28
"30...746" 0.7 -0.5 0.6 1 29
"31...747" 0.65 -0.5 0.6 1 30
"32...748" 0.8 -0.5 0.6 1 31
"33...749" 0.73 -0.5 0.6 1 32
"34...750" 0.77 -0.5 0.6 1 33
"35...751" 0.76 -0.5 0.6 1 34
"36...752" 0.78 -0.5 0.6 1 35
"37...753" 0.78 -0.5 0.6 1 36
"38...754" 0.78 -0.5 0.6 1 37
"39...755" 0.87 -0.5 0.6 1 38
"40...756" 0.88 -0.5 0.6 1 39
"41...757" 0.78 -0.5 0.6 1 40
"42...758" 0.84 -0.5 0.6 1 41
"43...759" 0.82 -0.5 0.6 1 42
"44...760" 0.79 -0.5 0.6 1 43
"45...761" 0.76 -0.5 0.6 1 44
"46...762" 0.83 -0.5 0.6 1 45
"47...763" 0.86 -0.5 0.6 1 46
"48...764" 0.85 -0.5 0.6 1 47
"49...765" 0.93 -0.5 0.6 1 48
"50...766" 0.89 -0.5 0.6 1 49
"51...767" 0.86 -0.5 0.6 1 50
"52...768" 0.87 -0.5 0.6 1 51
"53...769" 0.92 -0.5 0.6 1 52
"54...770" 0.93 -0.5 0.6 1 53
"55...771" 0.9 -0.5 0.6 1 54
"56...772" 0.89 -0.5 0.6 1 55
"57...773" 0.88 -0.5 0.6 1 56
"58...774" 0.96 -0.5 0.6 1 57
"2...775" 0.11 -0.7 0.2 1 1
"3...776" 0.17 -0.7 0.2 1 2
"4...777" 0.22 -0.7 0.2 1 3
"5...778" 0.26 -0.7 0.2 1 4
"6...779" 0.29 -0.7 0.2 1 5
"7...780" 0.43 -0.7 0.2 1 6
"8...781" 0.44 -0.7 0.2 1 7
"9...782" 0.48 -0.7 0.2 1 8
"10...783" 0.41 -0.7 0.2 1 9
"11...784" 0.5 -0.7 0.2 1 10
"12...785" 0.65 -0.7 0.2 1 11
"13...786" 0.53 -0.7 0.2 1 12
"14...787" 0.57 -0.7 0.2 1 13
"15...788" 0.63 -0.7 0.2 1 14
"16...789" 0.69 -0.7 0.2 1 15
"17...790" 0.69 -0.7 0.2 1 16
"18...791" 0.76 -0.7 0.2 1 17
"19...792" 0.75 -0.7 0.2 1 18
"20...793" 0.75 -0.7 0.2 1 19
"21...794" 0.75 -0.7 0.2 1 20
"22...795" 0.84 -0.7 0.2 1 21
"23...796" 0.85 -0.7 0.2 1 22
"24...797" 0.82 -0.7 0.2 1 23
"25...798" 0.77 -0.7 0.2 1 24
"26...799" 0.9 -0.7 0.2 1 25
"27...800" 0.83 -0.7 0.2 1 26
"28...801" 0.9 -0.7 0.2 1 27
"29...802" 0.92 -0.7 0.2 1 28
"30...803" 0.91 -0.7 0.2 1 29
"31...804" 0.91 -0.7 0.2 1 30
"32...805" 0.96 -0.7 0.2 1 31
"2...806" 0.11 -0.7 0.4 1 1
"3...807" 0.17 -0.7 0.4 1 2
"4...808" 0.22 -0.7 0.4 1 3
"5...809" 0.26 -0.7 0.4 1 4
"6...810" 0.29 -0.7 0.4 1 5
"7...811" 0.43 -0.7 0.4 1 6
"8...812" 0.44 -0.7 0.4 1 7
"9...813" 0.48 -0.7 0.4 1 8
"10...814" 0.41 -0.7 0.4 1 9
"11...815" 0.5 -0.7 0.4 1 10
"12...816" 0.65 -0.7 0.4 1 11
"13...817" 0.53 -0.7 0.4 1 12
"14...818" 0.57 -0.7 0.4 1 13
"15...819" 0.63 -0.7 0.4 1 14
"16...820" 0.69 -0.7 0.4 1 15
"17...821" 0.69 -0.7 0.4 1 16
"18...822" 0.76 -0.7 0.4 1 17
"19...823" 0.75 -0.7 0.4 1 18
"20...824" 0.75 -0.7 0.4 1 19
"21...825" 0.75 -0.7 0.4 1 20
"22...826" 0.84 -0.7 0.4 1 21
"23...827" 0.85 -0.7 0.4 1 22
"24...828" 0.82 -0.7 0.4 1 23
"25...829" 0.77 -0.7 0.4 1 24
"26...830" 0.9 -0.7 0.4 1 25
"27...831" 0.83 -0.7 0.4 1 26
"28...832" 0.9 -0.7 0.4 1 27
"29...833" 0.92 -0.7 0.4 1 28
"30...834" 0.91 -0.7 0.4 1 29
"31...835" 0.91 -0.7 0.4 1 30
"32...836" 0.96 -0.7 0.4 1 31
"2...837" 0.11 -0.7 0.6 1 1
"3...838" 0.17 -0.7 0.6 1 2
"4...839" 0.22 -0.7 0.6 1 3
"5...840" 0.26 -0.7 0.6 1 4
"6...841" 0.29 -0.7 0.6 1 5
"7...842" 0.43 -0.7 0.6 1 6
"8...843" 0.44 -0.7 0.6 1 7
"9...844" 0.48 -0.7 0.6 1 8
"10...845" 0.41 -0.7 0.6 1 9
"11...846" 0.5 -0.7 0.6 1 10
"12...847" 0.65 -0.7 0.6 1 11
"13...848" 0.53 -0.7 0.6 1 12
"14...849" 0.57 -0.7 0.6 1 13
"15...850" 0.63 -0.7 0.6 1 14
"16...851" 0.69 -0.7 0.6 1 15
"17...852" 0.69 -0.7 0.6 1 16
"18...853" 0.76 -0.7 0.6 1 17
"19...854" 0.75 -0.7 0.6 1 18
"20...855" 0.75 -0.7 0.6 1 19
"21...856" 0.75 -0.7 0.6 1 20
"22...857" 0.84 -0.7 0.6 1 21
"23...858" 0.85 -0.7 0.6 1 22
"24...859" 0.82 -0.7 0.6 1 23
"25...860" 0.77 -0.7 0.6 1 24
"26...861" 0.9 -0.7 0.6 1 25
"27...862" 0.83 -0.7 0.6 1 26
"28...863" 0.9 -0.7 0.6 1 27
"29...864" 0.92 -0.7 0.6 1 28
"30...865" 0.91 -0.7 0.6 1 29
"31...866" 0.91 -0.7 0.6 1 30
"32...867" 0.96 -0.7 0.6 1 31
"2...868" 0.11 -0.4 0.2 1.2 1
"3...869" 0.13 -0.4 0.2 1.2 2
"4...870" 0.18 -0.4 0.2 1.2 3
"5...871" 0.17 -0.4 0.2 1.2 4
"6...872" 0.19 -0.4 0.2 1.2 5
"7...873" 0.13 -0.4 0.2 1.2 6
"8...874" 0.2 -0.4 0.2 1.2 7
"9...875" 0.19 -0.4 0.2 1.2 8
"10...876" 0.19 -0.4 0.2 1.2 9
"11...877" 0.17 -0.4 0.2 1.2 10
"12...878" 0.26 -0.4 0.2 1.2 11
"13...879" 0.19 -0.4 0.2 1.2 12
"14...880" 0.29 -0.4 0.2 1.2 13
"15...881" 0.22 -0.4 0.2 1.2 14
"16...882" 0.24 -0.4 0.2 1.2 15
"17...883" 0.28 -0.4 0.2 1.2 16
"18...884" 0.36 -0.4 0.2 1.2 17
"19...885" 0.27 -0.4 0.2 1.2 18
"20...886" 0.37 -0.4 0.2 1.2 19
"21...887" 0.25 -0.4 0.2 1.2 20
"22...888" 0.29 -0.4 0.2 1.2 21
"23...889" 0.38 -0.4 0.2 1.2 22
"24...890" 0.36 -0.4 0.2 1.2 23
"25...891" 0.35 -0.4 0.2 1.2 24
"26...892" 0.44 -0.4 0.2 1.2 25
"27...893" 0.37 -0.4 0.2 1.2 26
"28...894" 0.41 -0.4 0.2 1.2 27
"29...895" 0.42 -0.4 0.2 1.2 28
"30...896" 0.42 -0.4 0.2 1.2 29
"31...897" 0.35 -0.4 0.2 1.2 30
"32...898" 0.45 -0.4 0.2 1.2 31
"33...899" 0.45 -0.4 0.2 1.2 32
"34...900" 0.44 -0.4 0.2 1.2 33
"35...901" 0.45 -0.4 0.2 1.2 34
"36...902" 0.39 -0.4 0.2 1.2 35
"37...903" 0.5 -0.4 0.2 1.2 36
"38...904" 0.43 -0.4 0.2 1.2 37
"39...905" 0.51 -0.4 0.2 1.2 38
"40...906" 0.49 -0.4 0.2 1.2 39
"41...907" 0.42 -0.4 0.2 1.2 40
"42...908" 0.56 -0.4 0.2 1.2 41
"43...909" 0.55 -0.4 0.2 1.2 42
"44...910" 0.52 -0.4 0.2 1.2 43
"45...911" 0.53 -0.4 0.2 1.2 44
"46...912" 0.54 -0.4 0.2 1.2 45
"47...913" 0.63 -0.4 0.2 1.2 46
"48...914" 0.52 -0.4 0.2 1.2 47
"49...915" 0.6 -0.4 0.2 1.2 48
"50...916" 0.66 -0.4 0.2 1.2 49
"51...917" 0.65 -0.4 0.2 1.2 50
"52...918" 0.49 -0.4 0.2 1.2 51
"53...919" 0.61 -0.4 0.2 1.2 52
"54...920" 0.63 -0.4 0.2 1.2 53
"55...921" 0.58 -0.4 0.2 1.2 54
"56...922" 0.63 -0.4 0.2 1.2 55
"57...923" 0.57 -0.4 0.2 1.2 56
"58...924" 0.61 -0.4 0.2 1.2 57
"59...925" 0.62 -0.4 0.2 1.2 58
"60...926" 0.61 -0.4 0.2 1.2 59
"61...927" 0.67 -0.4 0.2 1.2 60
"62...928" 0.66 -0.4 0.2 1.2 61
"63...929" 0.58 -0.4 0.2 1.2 62
"64...930" 0.69 -0.4 0.2 1.2 63
"65...931" 0.61 -0.4 0.2 1.2 64
"66...932" 0.67 -0.4 0.2 1.2 65
"67...933" 0.67 -0.4 0.2 1.2 66
"68...934" 0.74 -0.4 0.2 1.2 67
"69...935" 0.8 -0.4 0.2 1.2 68
"70...936" 0.66 -0.4 0.2 1.2 69
"71...937" 0.64 -0.4 0.2 1.2 70
"72...938" 0.61 -0.4 0.2 1.2 71
"73...939" 0.75 -0.4 0.2 1.2 72
"74...940" 0.67 -0.4 0.2 1.2 73
"75...941" 0.77 -0.4 0.2 1.2 74
"76...942" 0.66 -0.4 0.2 1.2 75
"77...943" 0.75 -0.4 0.2 1.2 76
"78...944" 0.84 -0.4 0.2 1.2 77
"79...945" 0.8 -0.4 0.2 1.2 78
"80...946" 0.82 -0.4 0.2 1.2 79
"81...947" 0.82 -0.4 0.2 1.2 80
"82...948" 0.83 -0.4 0.2 1.2 81
"83...949" 0.77 -0.4 0.2 1.2 82
"84...950" 0.81 -0.4 0.2 1.2 83
"85...951" 0.76 -0.4 0.2 1.2 84
"86...952" 0.77 -0.4 0.2 1.2 85
"87...953" 0.81 -0.4 0.2 1.2 86
"88...954" 0.77 -0.4 0.2 1.2 87
"89...955" 0.75 -0.4 0.2 1.2 88
"90...956" 0.9 -0.4 0.2 1.2 89
"91...957" 0.84 -0.4 0.2 1.2 90
"92...958" 0.86 -0.4 0.2 1.2 91
"93...959" 0.75 -0.4 0.2 1.2 92
"94...960" 0.8 -0.4 0.2 1.2 93
"95...961" 0.79 -0.4 0.2 1.2 94
"96...962" 0.88 -0.4 0.2 1.2 95
"97...963" 0.87 -0.4 0.2 1.2 96
"98...964" 0.74 -0.4 0.2 1.2 97
"99...965" 0.76 -0.4 0.2 1.2 98
"100...966" 0.76 -0.4 0.2 1.2 99
"101...967" 0.82 -0.4 0.2 1.2 100
"102...968" 0.86 -0.4 0.2 1.2 101
"103...969" 0.86 -0.4 0.2 1.2 102
"104...970" 0.83 -0.4 0.2 1.2 103
"105...971" 0.9 -0.4 0.2 1.2 104
"106...972" 0.86 -0.4 0.2 1.2 105
"107...973" 0.84 -0.4 0.2 1.2 106
"108...974" 0.91 -0.4 0.2 1.2 107
"109...975" 0.86 -0.4 0.2 1.2 108
"110...976" 0.87 -0.4 0.2 1.2 109
"111...977" 0.91 -0.4 0.2 1.2 110
"112...978" 0.88 -0.4 0.2 1.2 111
"113...979" 0.8 -0.4 0.2 1.2 112
"114...980" 0.87 -0.4 0.2 1.2 113
"115...981" 0.91 -0.4 0.2 1.2 114
"116...982" 0.89 -0.4 0.2 1.2 115
"117...983" 0.89 -0.4 0.2 1.2 116
"118...984" 0.9 -0.4 0.2 1.2 117
"119...985" 0.91 -0.4 0.2 1.2 118
"120...986" 0.89 -0.4 0.2 1.2 119
"121...987" 0.85 -0.4 0.2 1.2 120
"122...988" 0.86 -0.4 0.2 1.2 121
"123...989" 0.92 -0.4 0.2 1.2 122
"124...990" 0.9 -0.4 0.2 1.2 123
"125...991" 0.91 -0.4 0.2 1.2 124
"126...992" 0.94 -0.4 0.2 1.2 125
"127...993" 0.92 -0.4 0.2 1.2 126
"128...994" 0.87 -0.4 0.2 1.2 127
"129...995" 0.92 -0.4 0.2 1.2 128
"130...996" 0.89 -0.4 0.2 1.2 129
"131...997" 0.89 -0.4 0.2 1.2 130
"132...998" 0.9 -0.4 0.2 1.2 131
"133...999" 0.93 -0.4 0.2 1.2 132
"134...1000" 0.9 -0.4 0.2 1.2 133
"135...1001" 0.89 -0.4 0.2 1.2 134
"136...1002" 0.89 -0.4 0.2 1.2 135
"137...1003" 0.94 -0.4 0.2 1.2 136
"138...1004" 0.91 -0.4 0.2 1.2 137
"139...1005" 0.96 -0.4 0.2 1.2 138
"2...1006" 0.11 -0.4 0.4 1.2 1
"3...1007" 0.13 -0.4 0.4 1.2 2
"4...1008" 0.18 -0.4 0.4 1.2 3
"5...1009" 0.17 -0.4 0.4 1.2 4
"6...1010" 0.19 -0.4 0.4 1.2 5
"7...1011" 0.13 -0.4 0.4 1.2 6
"8...1012" 0.2 -0.4 0.4 1.2 7
"9...1013" 0.19 -0.4 0.4 1.2 8
"10...1014" 0.19 -0.4 0.4 1.2 9
"11...1015" 0.17 -0.4 0.4 1.2 10
"12...1016" 0.26 -0.4 0.4 1.2 11
"13...1017" 0.19 -0.4 0.4 1.2 12
"14...1018" 0.29 -0.4 0.4 1.2 13
"15...1019" 0.22 -0.4 0.4 1.2 14
"16...1020" 0.24 -0.4 0.4 1.2 15
"17...1021" 0.28 -0.4 0.4 1.2 16
"18...1022" 0.36 -0.4 0.4 1.2 17
"19...1023" 0.27 -0.4 0.4 1.2 18
"20...1024" 0.37 -0.4 0.4 1.2 19
"21...1025" 0.25 -0.4 0.4 1.2 20
"22...1026" 0.29 -0.4 0.4 1.2 21
"23...1027" 0.38 -0.4 0.4 1.2 22
"24...1028" 0.36 -0.4 0.4 1.2 23
"25...1029" 0.35 -0.4 0.4 1.2 24
"26...1030" 0.44 -0.4 0.4 1.2 25
"27...1031" 0.37 -0.4 0.4 1.2 26
"28...1032" 0.41 -0.4 0.4 1.2 27
"29...1033" 0.42 -0.4 0.4 1.2 28
"30...1034" 0.42 -0.4 0.4 1.2 29
"31...1035" 0.35 -0.4 0.4 1.2 30
"32...1036" 0.45 -0.4 0.4 1.2 31
"33...1037" 0.45 -0.4 0.4 1.2 32
"34...1038" 0.44 -0.4 0.4 1.2 33
"35...1039" 0.45 -0.4 0.4 1.2 34
"36...1040" 0.39 -0.4 0.4 1.2 35
"37...1041" 0.5 -0.4 0.4 1.2 36
"38...1042" 0.43 -0.4 0.4 1.2 37
"39...1043" 0.51 -0.4 0.4 1.2 38
"40...1044" 0.49 -0.4 0.4 1.2 39
"41...1045" 0.42 -0.4 0.4 1.2 40
"42...1046" 0.56 -0.4 0.4 1.2 41
"43...1047" 0.55 -0.4 0.4 1.2 42
"44...1048" 0.52 -0.4 0.4 1.2 43
"45...1049" 0.53 -0.4 0.4 1.2 44
"46...1050" 0.54 -0.4 0.4 1.2 45
"47...1051" 0.63 -0.4 0.4 1.2 46
"48...1052" 0.52 -0.4 0.4 1.2 47
"49...1053" 0.6 -0.4 0.4 1.2 48
"50...1054" 0.66 -0.4 0.4 1.2 49
"51...1055" 0.65 -0.4 0.4 1.2 50
"52...1056" 0.49 -0.4 0.4 1.2 51
"53...1057" 0.61 -0.4 0.4 1.2 52
"54...1058" 0.63 -0.4 0.4 1.2 53
"55...1059" 0.58 -0.4 0.4 1.2 54
"56...1060" 0.63 -0.4 0.4 1.2 55
"57...1061" 0.57 -0.4 0.4 1.2 56
"58...1062" 0.61 -0.4 0.4 1.2 57
"59...1063" 0.62 -0.4 0.4 1.2 58
"60...1064" 0.61 -0.4 0.4 1.2 59
"61...1065" 0.67 -0.4 0.4 1.2 60
"62...1066" 0.66 -0.4 0.4 1.2 61
"63...1067" 0.58 -0.4 0.4 1.2 62
"64...1068" 0.69 -0.4 0.4 1.2 63
"65...1069" 0.61 -0.4 0.4 1.2 64
"66...1070" 0.67 -0.4 0.4 1.2 65
"67...1071" 0.67 -0.4 0.4 1.2 66
"68...1072" 0.74 -0.4 0.4 1.2 67
"69...1073" 0.8 -0.4 0.4 1.2 68
"70...1074" 0.66 -0.4 0.4 1.2 69
"71...1075" 0.64 -0.4 0.4 1.2 70
"72...1076" 0.61 -0.4 0.4 1.2 71
"73...1077" 0.75 -0.4 0.4 1.2 72
"74...1078" 0.67 -0.4 0.4 1.2 73
"75...1079" 0.77 -0.4 0.4 1.2 74
"76...1080" 0.66 -0.4 0.4 1.2 75
"77...1081" 0.75 -0.4 0.4 1.2 76
"78...1082" 0.84 -0.4 0.4 1.2 77
"79...1083" 0.8 -0.4 0.4 1.2 78
"80...1084" 0.82 -0.4 0.4 1.2 79
"81...1085" 0.82 -0.4 0.4 1.2 80
"82...1086" 0.83 -0.4 0.4 1.2 81
"83...1087" 0.77 -0.4 0.4 1.2 82
"84...1088" 0.81 -0.4 0.4 1.2 83
"85...1089" 0.76 -0.4 0.4 1.2 84
"86...1090" 0.77 -0.4 0.4 1.2 85
"87...1091" 0.81 -0.4 0.4 1.2 86
"88...1092" 0.77 -0.4 0.4 1.2 87
"89...1093" 0.75 -0.4 0.4 1.2 88
"90...1094" 0.9 -0.4 0.4 1.2 89
"91...1095" 0.84 -0.4 0.4 1.2 90
"92...1096" 0.86 -0.4 0.4 1.2 91
"93...1097" 0.75 -0.4 0.4 1.2 92
"94...1098" 0.8 -0.4 0.4 1.2 93
"95...1099" 0.79 -0.4 0.4 1.2 94
"96...1100" 0.88 -0.4 0.4 1.2 95
"97...1101" 0.87 -0.4 0.4 1.2 96
"98...1102" 0.74 -0.4 0.4 1.2 97
"99...1103" 0.76 -0.4 0.4 1.2 98
"100...1104" 0.76 -0.4 0.4 1.2 99
"101...1105" 0.82 -0.4 0.4 1.2 100
"102...1106" 0.86 -0.4 0.4 1.2 101
"103...1107" 0.86 -0.4 0.4 1.2 102
"104...1108" 0.83 -0.4 0.4 1.2 103
"105...1109" 0.9 -0.4 0.4 1.2 104
"106...1110" 0.86 -0.4 0.4 1.2 105
"107...1111" 0.84 -0.4 0.4 1.2 106
"108...1112" 0.91 -0.4 0.4 1.2 107
"109...1113" 0.86 -0.4 0.4 1.2 108
"110...1114" 0.87 -0.4 0.4 1.2 109
"111...1115" 0.91 -0.4 0.4 1.2 110
"112...1116" 0.88 -0.4 0.4 1.2 111
"113...1117" 0.8 -0.4 0.4 1.2 112
"114...1118" 0.87 -0.4 0.4 1.2 113
"115...1119" 0.91 -0.4 0.4 1.2 114
"116...1120" 0.89 -0.4 0.4 1.2 115
"117...1121" 0.89 -0.4 0.4 1.2 116
"118...1122" 0.9 -0.4 0.4 1.2 117
"119...1123" 0.91 -0.4 0.4 1.2 118
"120...1124" 0.89 -0.4 0.4 1.2 119
"121...1125" 0.85 -0.4 0.4 1.2 120
"122...1126" 0.86 -0.4 0.4 1.2 121
"123...1127" 0.92 -0.4 0.4 1.2 122
"124...1128" 0.9 -0.4 0.4 1.2 123
"125...1129" 0.91 -0.4 0.4 1.2 124
"126...1130" 0.94 -0.4 0.4 1.2 125
"127...1131" 0.92 -0.4 0.4 1.2 126
"128...1132" 0.87 -0.4 0.4 1.2 127
"129...1133" 0.92 -0.4 0.4 1.2 128
"130...1134" 0.89 -0.4 0.4 1.2 129
"131...1135" 0.89 -0.4 0.4 1.2 130
"132...1136" 0.9 -0.4 0.4 1.2 131
"133...1137" 0.93 -0.4 0.4 1.2 132
"134...1138" 0.9 -0.4 0.4 1.2 133
"135...1139" 0.89 -0.4 0.4 1.2 134
"136...1140" 0.89 -0.4 0.4 1.2 135
"137...1141" 0.94 -0.4 0.4 1.2 136
"138...1142" 0.91 -0.4 0.4 1.2 137
"139...1143" 0.96 -0.4 0.4 1.2 138
"2...1144" 0.11 -0.4 0.6 1.2 1
"3...1145" 0.13 -0.4 0.6 1.2 2
"4...1146" 0.18 -0.4 0.6 1.2 3
"5...1147" 0.17 -0.4 0.6 1.2 4
"6...1148" 0.19 -0.4 0.6 1.2 5
"7...1149" 0.13 -0.4 0.6 1.2 6
"8...1150" 0.2 -0.4 0.6 1.2 7
"9...1151" 0.19 -0.4 0.6 1.2 8
"10...1152" 0.19 -0.4 0.6 1.2 9
"11...1153" 0.17 -0.4 0.6 1.2 10
"12...1154" 0.26 -0.4 0.6 1.2 11
"13...1155" 0.19 -0.4 0.6 1.2 12
"14...1156" 0.29 -0.4 0.6 1.2 13
"15...1157" 0.22 -0.4 0.6 1.2 14
"16...1158" 0.24 -0.4 0.6 1.2 15
"17...1159" 0.28 -0.4 0.6 1.2 16
"18...1160" 0.36 -0.4 0.6 1.2 17
"19...1161" 0.27 -0.4 0.6 1.2 18
"20...1162" 0.37 -0.4 0.6 1.2 19
"21...1163" 0.25 -0.4 0.6 1.2 20
"22...1164" 0.29 -0.4 0.6 1.2 21
"23...1165" 0.38 -0.4 0.6 1.2 22
"24...1166" 0.36 -0.4 0.6 1.2 23
"25...1167" 0.35 -0.4 0.6 1.2 24
"26...1168" 0.44 -0.4 0.6 1.2 25
"27...1169" 0.37 -0.4 0.6 1.2 26
"28...1170" 0.41 -0.4 0.6 1.2 27
"29...1171" 0.42 -0.4 0.6 1.2 28
"30...1172" 0.42 -0.4 0.6 1.2 29
"31...1173" 0.35 -0.4 0.6 1.2 30
"32...1174" 0.45 -0.4 0.6 1.2 31
"33...1175" 0.45 -0.4 0.6 1.2 32
"34...1176" 0.44 -0.4 0.6 1.2 33
"35...1177" 0.45 -0.4 0.6 1.2 34
"36...1178" 0.39 -0.4 0.6 1.2 35
"37...1179" 0.5 -0.4 0.6 1.2 36
"38...1180" 0.43 -0.4 0.6 1.2 37
"39...1181" 0.51 -0.4 0.6 1.2 38
"40...1182" 0.49 -0.4 0.6 1.2 39
"41...1183" 0.42 -0.4 0.6 1.2 40
"42...1184" 0.56 -0.4 0.6 1.2 41
"43...1185" 0.55 -0.4 0.6 1.2 42
"44...1186" 0.52 -0.4 0.6 1.2 43
"45...1187" 0.53 -0.4 0.6 1.2 44
"46...1188" 0.54 -0.4 0.6 1.2 45
"47...1189" 0.63 -0.4 0.6 1.2 46
"48...1190" 0.52 -0.4 0.6 1.2 47
"49...1191" 0.6 -0.4 0.6 1.2 48
"50...1192" 0.66 -0.4 0.6 1.2 49
"51...1193" 0.65 -0.4 0.6 1.2 50
"52...1194" 0.49 -0.4 0.6 1.2 51
"53...1195" 0.61 -0.4 0.6 1.2 52
"54...1196" 0.63 -0.4 0.6 1.2 53
"55...1197" 0.58 -0.4 0.6 1.2 54
"56...1198" 0.63 -0.4 0.6 1.2 55
"57...1199" 0.57 -0.4 0.6 1.2 56
"58...1200" 0.61 -0.4 0.6 1.2 57
"59...1201" 0.62 -0.4 0.6 1.2 58
"60...1202" 0.61 -0.4 0.6 1.2 59
"61...1203" 0.67 -0.4 0.6 1.2 60
"62...1204" 0.66 -0.4 0.6 1.2 61
"63...1205" 0.58 -0.4 0.6 1.2 62
"64...1206" 0.69 -0.4 0.6 1.2 63
"65...1207" 0.61 -0.4 0.6 1.2 64
"66...1208" 0.67 -0.4 0.6 1.2 65
"67...1209" 0.67 -0.4 0.6 1.2 66
"68...1210" 0.74 -0.4 0.6 1.2 67
"69...1211" 0.8 -0.4 0.6 1.2 68
"70...1212" 0.66 -0.4 0.6 1.2 69
"71...1213" 0.64 -0.4 0.6 1.2 70
"72...1214" 0.61 -0.4 0.6 1.2 71
"73...1215" 0.75 -0.4 0.6 1.2 72
"74...1216" 0.67 -0.4 0.6 1.2 73
"75...1217" 0.77 -0.4 0.6 1.2 74
"76...1218" 0.66 -0.4 0.6 1.2 75
"77...1219" 0.75 -0.4 0.6 1.2 76
"78...1220" 0.84 -0.4 0.6 1.2 77
"79...1221" 0.8 -0.4 0.6 1.2 78
"80...1222" 0.82 -0.4 0.6 1.2 79
"81...1223" 0.82 -0.4 0.6 1.2 80
"82...1224" 0.83 -0.4 0.6 1.2 81
"83...1225" 0.77 -0.4 0.6 1.2 82
"84...1226" 0.81 -0.4 0.6 1.2 83
"85...1227" 0.76 -0.4 0.6 1.2 84
"86...1228" 0.77 -0.4 0.6 1.2 85
"87...1229" 0.81 -0.4 0.6 1.2 86
"88...1230" 0.77 -0.4 0.6 1.2 87
"89...1231" 0.75 -0.4 0.6 1.2 88
"90...1232" 0.9 -0.4 0.6 1.2 89
"91...1233" 0.84 -0.4 0.6 1.2 90
"92...1234" 0.86 -0.4 0.6 1.2 91
"93...1235" 0.75 -0.4 0.6 1.2 92
"94...1236" 0.8 -0.4 0.6 1.2 93
"95...1237" 0.79 -0.4 0.6 1.2 94
"96...1238" 0.88 -0.4 0.6 1.2 95
"97...1239" 0.87 -0.4 0.6 1.2 96
"98...1240" 0.74 -0.4 0.6 1.2 97
"99...1241" 0.76 -0.4 0.6 1.2 98
"100...1242" 0.76 -0.4 0.6 1.2 99
"101...1243" 0.82 -0.4 0.6 1.2 100
"102...1244" 0.86 -0.4 0.6 1.2 101
"103...1245" 0.86 -0.4 0.6 1.2 102
"104...1246" 0.83 -0.4 0.6 1.2 103
"105...1247" 0.9 -0.4 0.6 1.2 104
"106...1248" 0.86 -0.4 0.6 1.2 105
"107...1249" 0.84 -0.4 0.6 1.2 106
"108...1250" 0.91 -0.4 0.6 1.2 107
"109...1251" 0.86 -0.4 0.6 1.2 108
"110...1252" 0.87 -0.4 0.6 1.2 109
"111...1253" 0.91 -0.4 0.6 1.2 110
"112...1254" 0.88 -0.4 0.6 1.2 111
"113...1255" 0.8 -0.4 0.6 1.2 112
"114...1256" 0.87 -0.4 0.6 1.2 113
"115...1257" 0.91 -0.4 0.6 1.2 114
"116...1258" 0.89 -0.4 0.6 1.2 115
"117...1259" 0.89 -0.4 0.6 1.2 116
"118...1260" 0.9 -0.4 0.6 1.2 117
"119...1261" 0.91 -0.4 0.6 1.2 118
"120...1262" 0.89 -0.4 0.6 1.2 119
"121...1263" 0.85 -0.4 0.6 1.2 120
"122...1264" 0.86 -0.4 0.6 1.2 121
"123...1265" 0.92 -0.4 0.6 1.2 122
"124...1266" 0.9 -0.4 0.6 1.2 123
"125...1267" 0.91 -0.4 0.6 1.2 124
"126...1268" 0.94 -0.4 0.6 1.2 125
"127...1269" 0.92 -0.4 0.6 1.2 126
"128...1270" 0.87 -0.4 0.6 1.2 127
"129...1271" 0.92 -0.4 0.6 1.2 128
"130...1272" 0.89 -0.4 0.6 1.2 129
"131...1273" 0.89 -0.4 0.6 1.2 130
"132...1274" 0.9 -0.4 0.6 1.2 131
"133...1275" 0.93 -0.4 0.6 1.2 132
"134...1276" 0.9 -0.4 0.6 1.2 133
"135...1277" 0.89 -0.4 0.6 1.2 134
"136...1278" 0.89 -0.4 0.6 1.2 135
"137...1279" 0.94 -0.4 0.6 1.2 136
"138...1280" 0.91 -0.4 0.6 1.2 137
"139...1281" 0.96 -0.4 0.6 1.2 138
"2...1282" 0.11 -0.5 0.2 1.2 1
"3...1283" 0.12 -0.5 0.2 1.2 2
"4...1284" 0.17 -0.5 0.2 1.2 3
"5...1285" 0.19 -0.5 0.2 1.2 4
"6...1286" 0.21 -0.5 0.2 1.2 5
"7...1287" 0.18 -0.5 0.2 1.2 6
"8...1288" 0.23 -0.5 0.2 1.2 7
"9...1289" 0.26 -0.5 0.2 1.2 8
"10...1290" 0.21 -0.5 0.2 1.2 9
"11...1291" 0.21 -0.5 0.2 1.2 10
"12...1292" 0.37 -0.5 0.2 1.2 11
"13...1293" 0.25 -0.5 0.2 1.2 12
"14...1294" 0.38 -0.5 0.2 1.2 13
"15...1295" 0.31 -0.5 0.2 1.2 14
"16...1296" 0.31 -0.5 0.2 1.2 15
"17...1297" 0.36 -0.5 0.2 1.2 16
"18...1298" 0.47 -0.5 0.2 1.2 17
"19...1299" 0.35 -0.5 0.2 1.2 18
"20...1300" 0.46 -0.5 0.2 1.2 19
"21...1301" 0.33 -0.5 0.2 1.2 20
"22...1302" 0.44 -0.5 0.2 1.2 21
"23...1303" 0.49 -0.5 0.2 1.2 22
"24...1304" 0.52 -0.5 0.2 1.2 23
"25...1305" 0.48 -0.5 0.2 1.2 24
"26...1306" 0.55 -0.5 0.2 1.2 25
"27...1307" 0.51 -0.5 0.2 1.2 26
"28...1308" 0.52 -0.5 0.2 1.2 27
"29...1309" 0.53 -0.5 0.2 1.2 28
"30...1310" 0.51 -0.5 0.2 1.2 29
"31...1311" 0.55 -0.5 0.2 1.2 30
"32...1312" 0.63 -0.5 0.2 1.2 31
"33...1313" 0.6 -0.5 0.2 1.2 32
"34...1314" 0.56 -0.5 0.2 1.2 33
"35...1315" 0.6 -0.5 0.2 1.2 34
"36...1316" 0.57 -0.5 0.2 1.2 35
"37...1317" 0.64 -0.5 0.2 1.2 36
"38...1318" 0.63 -0.5 0.2 1.2 37
"39...1319" 0.72 -0.5 0.2 1.2 38
"40...1320" 0.74 -0.5 0.2 1.2 39
"41...1321" 0.65 -0.5 0.2 1.2 40
"42...1322" 0.77 -0.5 0.2 1.2 41
"43...1323" 0.65 -0.5 0.2 1.2 42
"44...1324" 0.67 -0.5 0.2 1.2 43
"45...1325" 0.63 -0.5 0.2 1.2 44
"46...1326" 0.67 -0.5 0.2 1.2 45
"47...1327" 0.79 -0.5 0.2 1.2 46
"48...1328" 0.73 -0.5 0.2 1.2 47
"49...1329" 0.84 -0.5 0.2 1.2 48
"50...1330" 0.75 -0.5 0.2 1.2 49
"51...1331" 0.79 -0.5 0.2 1.2 50
"52...1332" 0.71 -0.5 0.2 1.2 51
"53...1333" 0.82 -0.5 0.2 1.2 52
"54...1334" 0.81 -0.5 0.2 1.2 53
"55...1335" 0.77 -0.5 0.2 1.2 54
"56...1336" 0.78 -0.5 0.2 1.2 55
"57...1337" 0.76 -0.5 0.2 1.2 56
"58...1338" 0.81 -0.5 0.2 1.2 57
"59...1339" 0.79 -0.5 0.2 1.2 58
"60...1340" 0.86 -0.5 0.2 1.2 59
"61...1341" 0.81 -0.5 0.2 1.2 60
"62...1342" 0.81 -0.5 0.2 1.2 61
"63...1343" 0.81 -0.5 0.2 1.2 62
"64...1344" 0.81 -0.5 0.2 1.2 63
"65...1345" 0.78 -0.5 0.2 1.2 64
"66...1346" 0.87 -0.5 0.2 1.2 65
"67...1347" 0.86 -0.5 0.2 1.2 66
"68...1348" 0.9 -0.5 0.2 1.2 67
"69...1349" 0.9 -0.5 0.2 1.2 68
"70...1350" 0.85 -0.5 0.2 1.2 69
"71...1351" 0.84 -0.5 0.2 1.2 70
"72...1352" 0.84 -0.5 0.2 1.2 71
"73...1353" 0.86 -0.5 0.2 1.2 72
"74...1354" 0.87 -0.5 0.2 1.2 73
"75...1355" 0.91 -0.5 0.2 1.2 74
"76...1356" 0.88 -0.5 0.2 1.2 75
"77...1357" 0.94 -0.5 0.2 1.2 76
"78...1358" 0.95 -0.5 0.2 1.2 77
"2...1359" 0.11 -0.5 0.4 1.2 1
"3...1360" 0.12 -0.5 0.4 1.2 2
"4...1361" 0.17 -0.5 0.4 1.2 3
"5...1362" 0.19 -0.5 0.4 1.2 4
"6...1363" 0.21 -0.5 0.4 1.2 5
"7...1364" 0.18 -0.5 0.4 1.2 6
"8...1365" 0.23 -0.5 0.4 1.2 7
"9...1366" 0.26 -0.5 0.4 1.2 8
"10...1367" 0.21 -0.5 0.4 1.2 9
"11...1368" 0.21 -0.5 0.4 1.2 10
"12...1369" 0.37 -0.5 0.4 1.2 11
"13...1370" 0.25 -0.5 0.4 1.2 12
"14...1371" 0.38 -0.5 0.4 1.2 13
"15...1372" 0.31 -0.5 0.4 1.2 14
"16...1373" 0.31 -0.5 0.4 1.2 15
"17...1374" 0.36 -0.5 0.4 1.2 16
"18...1375" 0.47 -0.5 0.4 1.2 17
"19...1376" 0.35 -0.5 0.4 1.2 18
"20...1377" 0.46 -0.5 0.4 1.2 19
"21...1378" 0.33 -0.5 0.4 1.2 20
"22...1379" 0.44 -0.5 0.4 1.2 21
"23...1380" 0.49 -0.5 0.4 1.2 22
"24...1381" 0.52 -0.5 0.4 1.2 23
"25...1382" 0.48 -0.5 0.4 1.2 24
"26...1383" 0.55 -0.5 0.4 1.2 25
"27...1384" 0.51 -0.5 0.4 1.2 26
"28...1385" 0.52 -0.5 0.4 1.2 27
"29...1386" 0.53 -0.5 0.4 1.2 28
"30...1387" 0.51 -0.5 0.4 1.2 29
"31...1388" 0.55 -0.5 0.4 1.2 30
"32...1389" 0.63 -0.5 0.4 1.2 31
"33...1390" 0.6 -0.5 0.4 1.2 32
"34...1391" 0.56 -0.5 0.4 1.2 33
"35...1392" 0.6 -0.5 0.4 1.2 34
"36...1393" 0.57 -0.5 0.4 1.2 35
"37...1394" 0.64 -0.5 0.4 1.2 36
"38...1395" 0.63 -0.5 0.4 1.2 37
"39...1396" 0.72 -0.5 0.4 1.2 38
"40...1397" 0.74 -0.5 0.4 1.2 39
"41...1398" 0.65 -0.5 0.4 1.2 40
"42...1399" 0.77 -0.5 0.4 1.2 41
"43...1400" 0.65 -0.5 0.4 1.2 42
"44...1401" 0.67 -0.5 0.4 1.2 43
"45...1402" 0.63 -0.5 0.4 1.2 44
"46...1403" 0.67 -0.5 0.4 1.2 45
"47...1404" 0.79 -0.5 0.4 1.2 46
"48...1405" 0.73 -0.5 0.4 1.2 47
"49...1406" 0.84 -0.5 0.4 1.2 48
"50...1407" 0.75 -0.5 0.4 1.2 49
"51...1408" 0.79 -0.5 0.4 1.2 50
"52...1409" 0.71 -0.5 0.4 1.2 51
"53...1410" 0.82 -0.5 0.4 1.2 52
"54...1411" 0.81 -0.5 0.4 1.2 53
"55...1412" 0.77 -0.5 0.4 1.2 54
"56...1413" 0.78 -0.5 0.4 1.2 55
"57...1414" 0.76 -0.5 0.4 1.2 56
"58...1415" 0.81 -0.5 0.4 1.2 57
"59...1416" 0.79 -0.5 0.4 1.2 58
"60...1417" 0.86 -0.5 0.4 1.2 59
"61...1418" 0.81 -0.5 0.4 1.2 60
"62...1419" 0.81 -0.5 0.4 1.2 61
"63...1420" 0.81 -0.5 0.4 1.2 62
"64...1421" 0.81 -0.5 0.4 1.2 63
"65...1422" 0.78 -0.5 0.4 1.2 64
"66...1423" 0.87 -0.5 0.4 1.2 65
"67...1424" 0.86 -0.5 0.4 1.2 66
"68...1425" 0.9 -0.5 0.4 1.2 67
"69...1426" 0.9 -0.5 0.4 1.2 68
"70...1427" 0.85 -0.5 0.4 1.2 69
"71...1428" 0.84 -0.5 0.4 1.2 70
"72...1429" 0.84 -0.5 0.4 1.2 71
"73...1430" 0.86 -0.5 0.4 1.2 72
"74...1431" 0.87 -0.5 0.4 1.2 73
"75...1432" 0.91 -0.5 0.4 1.2 74
"76...1433" 0.88 -0.5 0.4 1.2 75
"77...1434" 0.94 -0.5 0.4 1.2 76
"78...1435" 0.95 -0.5 0.4 1.2 77
"2...1436" 0.11 -0.5 0.6 1.2 1
"3...1437" 0.12 -0.5 0.6 1.2 2
"4...1438" 0.17 -0.5 0.6 1.2 3
"5...1439" 0.19 -0.5 0.6 1.2 4
"6...1440" 0.21 -0.5 0.6 1.2 5
"7...1441" 0.18 -0.5 0.6 1.2 6
"8...1442" 0.23 -0.5 0.6 1.2 7
"9...1443" 0.26 -0.5 0.6 1.2 8
"10...1444" 0.21 -0.5 0.6 1.2 9
"11...1445" 0.21 -0.5 0.6 1.2 10
"12...1446" 0.37 -0.5 0.6 1.2 11
"13...1447" 0.25 -0.5 0.6 1.2 12
"14...1448" 0.38 -0.5 0.6 1.2 13
"15...1449" 0.31 -0.5 0.6 1.2 14
"16...1450" 0.31 -0.5 0.6 1.2 15
"17...1451" 0.36 -0.5 0.6 1.2 16
"18...1452" 0.47 -0.5 0.6 1.2 17
"19...1453" 0.35 -0.5 0.6 1.2 18
"20...1454" 0.46 -0.5 0.6 1.2 19
"21...1455" 0.33 -0.5 0.6 1.2 20
"22...1456" 0.44 -0.5 0.6 1.2 21
"23...1457" 0.49 -0.5 0.6 1.2 22
"24...1458" 0.52 -0.5 0.6 1.2 23
"25...1459" 0.48 -0.5 0.6 1.2 24
"26...1460" 0.55 -0.5 0.6 1.2 25
"27...1461" 0.51 -0.5 0.6 1.2 26
"28...1462" 0.52 -0.5 0.6 1.2 27
"29...1463" 0.53 -0.5 0.6 1.2 28
"30...1464" 0.51 -0.5 0.6 1.2 29
"31...1465" 0.55 -0.5 0.6 1.2 30
"32...1466" 0.63 -0.5 0.6 1.2 31
"33...1467" 0.6 -0.5 0.6 1.2 32
"34...1468" 0.56 -0.5 0.6 1.2 33
"35...1469" 0.6 -0.5 0.6 1.2 34
"36...1470" 0.57 -0.5 0.6 1.2 35
"37...1471" 0.64 -0.5 0.6 1.2 36
"38...1472" 0.63 -0.5 0.6 1.2 37
"39...1473" 0.72 -0.5 0.6 1.2 38
"40...1474" 0.74 -0.5 0.6 1.2 39
"41...1475" 0.65 -0.5 0.6 1.2 40
"42...1476" 0.77 -0.5 0.6 1.2 41
"43...1477" 0.65 -0.5 0.6 1.2 42
"44...1478" 0.67 -0.5 0.6 1.2 43
"45...1479" 0.63 -0.5 0.6 1.2 44
"46...1480" 0.67 -0.5 0.6 1.2 45
"47...1481" 0.79 -0.5 0.6 1.2 46
"48...1482" 0.73 -0.5 0.6 1.2 47
"49...1483" 0.84 -0.5 0.6 1.2 48
"50...1484" 0.75 -0.5 0.6 1.2 49
"51...1485" 0.79 -0.5 0.6 1.2 50
"52...1486" 0.71 -0.5 0.6 1.2 51
"53...1487" 0.82 -0.5 0.6 1.2 52
"54...1488" 0.81 -0.5 0.6 1.2 53
"55...1489" 0.77 -0.5 0.6 1.2 54
"56...1490" 0.78 -0.5 0.6 1.2 55
"57...1491" 0.76 -0.5 0.6 1.2 56
"58...1492" 0.81 -0.5 0.6 1.2 57
"59...1493" 0.79 -0.5 0.6 1.2 58
"60...1494" 0.86 -0.5 0.6 1.2 59
"61...1495" 0.81 -0.5 0.6 1.2 60
"62...1496" 0.81 -0.5 0.6 1.2 61
"63...1497" 0.81 -0.5 0.6 1.2 62
"64...1498" 0.81 -0.5 0.6 1.2 63
"65...1499" 0.78 -0.5 0.6 1.2 64
"66...1500" 0.87 -0.5 0.6 1.2 65
"67...1501" 0.86 -0.5 0.6 1.2 66
"68...1502" 0.9 -0.5 0.6 1.2 67
"69...1503" 0.9 -0.5 0.6 1.2 68
"70...1504" 0.85 -0.5 0.6 1.2 69
"71...1505" 0.84 -0.5 0.6 1.2 70
"72...1506" 0.84 -0.5 0.6 1.2 71
"73...1507" 0.86 -0.5 0.6 1.2 72
"74...1508" 0.87 -0.5 0.6 1.2 73
"75...1509" 0.91 -0.5 0.6 1.2 74
"76...1510" 0.88 -0.5 0.6 1.2 75
"77...1511" 0.94 -0.5 0.6 1.2 76
"78...1512" 0.95 -0.5 0.6 1.2 77
"2...1513" 0.11 -0.7 0.2 1.2 1
"3...1514" 0.17 -0.7 0.2 1.2 2
"4...1515" 0.21 -0.7 0.2 1.2 3
"5...1516" 0.22 -0.7 0.2 1.2 4
"6...1517" 0.23 -0.7 0.2 1.2 5
"7...1518" 0.34 -0.7 0.2 1.2 6
"8...1519" 0.32 -0.7 0.2 1.2 7
"9...1520" 0.39 -0.7 0.2 1.2 8
"10...1521" 0.32 -0.7 0.2 1.2 9
"11...1522" 0.32 -0.7 0.2 1.2 10
"12...1523" 0.54 -0.7 0.2 1.2 11
"13...1524" 0.37 -0.7 0.2 1.2 12
"14...1525" 0.5 -0.7 0.2 1.2 13
"15...1526" 0.53 -0.7 0.2 1.2 14
"16...1527" 0.51 -0.7 0.2 1.2 15
"17...1528" 0.51 -0.7 0.2 1.2 16
"18...1529" 0.65 -0.7 0.2 1.2 17
"19...1530" 0.62 -0.7 0.2 1.2 18
"20...1531" 0.63 -0.7 0.2 1.2 19
"21...1532" 0.56 -0.7 0.2 1.2 20
"22...1533" 0.66 -0.7 0.2 1.2 21
"23...1534" 0.71 -0.7 0.2 1.2 22
"24...1535" 0.78 -0.7 0.2 1.2 23
"25...1536" 0.68 -0.7 0.2 1.2 24
"26...1537" 0.79 -0.7 0.2 1.2 25
"27...1538" 0.66 -0.7 0.2 1.2 26
"28...1539" 0.8 -0.7 0.2 1.2 27
"29...1540" 0.78 -0.7 0.2 1.2 28
"30...1541" 0.8 -0.7 0.2 1.2 29
"31...1542" 0.77 -0.7 0.2 1.2 30
"32...1543" 0.86 -0.7 0.2 1.2 31
"33...1544" 0.79 -0.7 0.2 1.2 32
"34...1545" 0.89 -0.7 0.2 1.2 33
"35...1546" 0.89 -0.7 0.2 1.2 34
"36...1547" 0.84 -0.7 0.2 1.2 35
"37...1548" 0.88 -0.7 0.2 1.2 36
"38...1549" 0.86 -0.7 0.2 1.2 37
"39...1550" 0.94 -0.7 0.2 1.2 38
"40...1551" 0.93 -0.7 0.2 1.2 39
"41...1552" 0.88 -0.7 0.2 1.2 40
"42...1553" 0.89 -0.7 0.2 1.2 41
"43...1554" 0.9 -0.7 0.2 1.2 42
"44...1555" 0.87 -0.7 0.2 1.2 43
"45...1556" 0.92 -0.7 0.2 1.2 44
"46...1557" 0.86 -0.7 0.2 1.2 45
"47...1558" 0.97 -0.7 0.2 1.2 46
"2...1559" 0.11 -0.7 0.4 1.2 1
"3...1560" 0.17 -0.7 0.4 1.2 2
"4...1561" 0.21 -0.7 0.4 1.2 3
"5...1562" 0.22 -0.7 0.4 1.2 4
"6...1563" 0.23 -0.7 0.4 1.2 5
"7...1564" 0.34 -0.7 0.4 1.2 6
"8...1565" 0.32 -0.7 0.4 1.2 7
"9...1566" 0.39 -0.7 0.4 1.2 8
"10...1567" 0.32 -0.7 0.4 1.2 9
"11...1568" 0.32 -0.7 0.4 1.2 10
"12...1569" 0.54 -0.7 0.4 1.2 11
"13...1570" 0.37 -0.7 0.4 1.2 12
"14...1571" 0.5 -0.7 0.4 1.2 13
"15...1572" 0.53 -0.7 0.4 1.2 14
"16...1573" 0.51 -0.7 0.4 1.2 15
"17...1574" 0.51 -0.7 0.4 1.2 16
"18...1575" 0.65 -0.7 0.4 1.2 17
"19...1576" 0.62 -0.7 0.4 1.2 18
"20...1577" 0.63 -0.7 0.4 1.2 19
"21...1578" 0.56 -0.7 0.4 1.2 20
"22...1579" 0.66 -0.7 0.4 1.2 21
"23...1580" 0.71 -0.7 0.4 1.2 22
"24...1581" 0.78 -0.7 0.4 1.2 23
"25...1582" 0.68 -0.7 0.4 1.2 24
"26...1583" 0.79 -0.7 0.4 1.2 25
"27...1584" 0.66 -0.7 0.4 1.2 26
"28...1585" 0.8 -0.7 0.4 1.2 27
"29...1586" 0.78 -0.7 0.4 1.2 28
"30...1587" 0.8 -0.7 0.4 1.2 29
"31...1588" 0.77 -0.7 0.4 1.2 30
"32...1589" 0.86 -0.7 0.4 1.2 31
"33...1590" 0.79 -0.7 0.4 1.2 32
"34...1591" 0.89 -0.7 0.4 1.2 33
"35...1592" 0.89 -0.7 0.4 1.2 34
"36...1593" 0.84 -0.7 0.4 1.2 35
"37...1594" 0.88 -0.7 0.4 1.2 36
"38...1595" 0.86 -0.7 0.4 1.2 37
"39...1596" 0.94 -0.7 0.4 1.2 38
"40...1597" 0.93 -0.7 0.4 1.2 39
"41...1598" 0.88 -0.7 0.4 1.2 40
"42...1599" 0.89 -0.7 0.4 1.2 41
"43...1600" 0.9 -0.7 0.4 1.2 42
"44...1601" 0.87 -0.7 0.4 1.2 43
"45...1602" 0.92 -0.7 0.4 1.2 44
"46...1603" 0.86 -0.7 0.4 1.2 45
"47...1604" 0.97 -0.7 0.4 1.2 46
"2...1605" 0.11 -0.7 0.6 1.2 1
"3...1606" 0.17 -0.7 0.6 1.2 2
"4...1607" 0.21 -0.7 0.6 1.2 3
"5...1608" 0.22 -0.7 0.6 1.2 4
"6...1609" 0.23 -0.7 0.6 1.2 5
"7...1610" 0.34 -0.7 0.6 1.2 6
"8...1611" 0.32 -0.7 0.6 1.2 7
"9...1612" 0.39 -0.7 0.6 1.2 8
"10...1613" 0.32 -0.7 0.6 1.2 9
"11...1614" 0.32 -0.7 0.6 1.2 10
"12...1615" 0.54 -0.7 0.6 1.2 11
"13...1616" 0.37 -0.7 0.6 1.2 12
"14...1617" 0.5 -0.7 0.6 1.2 13
"15...1618" 0.53 -0.7 0.6 1.2 14
"16...1619" 0.51 -0.7 0.6 1.2 15
"17...1620" 0.51 -0.7 0.6 1.2 16
"18...1621" 0.65 -0.7 0.6 1.2 17
"19...1622" 0.62 -0.7 0.6 1.2 18
"20...1623" 0.63 -0.7 0.6 1.2 19
"21...1624" 0.56 -0.7 0.6 1.2 20
"22...1625" 0.66 -0.7 0.6 1.2 21
"23...1626" 0.71 -0.7 0.6 1.2 22
"24...1627" 0.78 -0.7 0.6 1.2 23
"25...1628" 0.68 -0.7 0.6 1.2 24
"26...1629" 0.79 -0.7 0.6 1.2 25
"27...1630" 0.66 -0.7 0.6 1.2 26
"28...1631" 0.8 -0.7 0.6 1.2 27
"29...1632" 0.78 -0.7 0.6 1.2 28
"30...1633" 0.8 -0.7 0.6 1.2 29
"31...1634" 0.77 -0.7 0.6 1.2 30
"32...1635" 0.86 -0.7 0.6 1.2 31
"33...1636" 0.79 -0.7 0.6 1.2 32
"34...1637" 0.89 -0.7 0.6 1.2 33
"35...1638" 0.89 -0.7 0.6 1.2 34
"36...1639" 0.84 -0.7 0.6 1.2 35
"37...1640" 0.88 -0.7 0.6 1.2 36
"38...1641" 0.86 -0.7 0.6 1.2 37
"39...1642" 0.94 -0.7 0.6 1.2 38
"40...1643" 0.93 -0.7 0.6 1.2 39
"41...1644" 0.88 -0.7 0.6 1.2 40
"42...1645" 0.89 -0.7 0.6 1.2 41
"43...1646" 0.9 -0.7 0.6 1.2 42
"44...1647" 0.87 -0.7 0.6 1.2 43
"45...1648" 0.92 -0.7 0.6 1.2 44
"46...1649" 0.86 -0.7 0.6 1.2 45
"47...1650" 0.97 -0.7 0.6 1.2 46
"2...1651" 0.11 -0.4 0.2 1.4 1
"3...1652" 0.11 -0.4 0.2 1.4 2
"4...1653" 0.14 -0.4 0.2 1.4 3
"5...1654" 0.17 -0.4 0.2 1.4 4
"6...1655" 0.17 -0.4 0.2 1.4 5
"7...1656" 0.1 -0.4 0.2 1.4 6
"8...1657" 0.15 -0.4 0.2 1.4 7
"9...1658" 0.18 -0.4 0.2 1.4 8
"10...1659" 0.15 -0.4 0.2 1.4 9
"11...1660" 0.16 -0.4 0.2 1.4 10
"12...1661" 0.18 -0.4 0.2 1.4 11
"13...1662" 0.18 -0.4 0.2 1.4 12
"14...1663" 0.25 -0.4 0.2 1.4 13
"15...1664" 0.18 -0.4 0.2 1.4 14
"16...1665" 0.21 -0.4 0.2 1.4 15
"17...1666" 0.22 -0.4 0.2 1.4 16
"18...1667" 0.34 -0.4 0.2 1.4 17
"19...1668" 0.22 -0.4 0.2 1.4 18
"20...1669" 0.34 -0.4 0.2 1.4 19
"21...1670" 0.18 -0.4 0.2 1.4 20
"22...1671" 0.24 -0.4 0.2 1.4 21
"23...1672" 0.34 -0.4 0.2 1.4 22
"24...1673" 0.29 -0.4 0.2 1.4 23
"25...1674" 0.26 -0.4 0.2 1.4 24
"26...1675" 0.34 -0.4 0.2 1.4 25
"27...1676" 0.26 -0.4 0.2 1.4 26
"28...1677" 0.32 -0.4 0.2 1.4 27
"29...1678" 0.37 -0.4 0.2 1.4 28
"30...1679" 0.35 -0.4 0.2 1.4 29
"31...1680" 0.3 -0.4 0.2 1.4 30
"32...1681" 0.38 -0.4 0.2 1.4 31
"33...1682" 0.37 -0.4 0.2 1.4 32
"34...1683" 0.34 -0.4 0.2 1.4 33
"35...1684" 0.38 -0.4 0.2 1.4 34
"36...1685" 0.34 -0.4 0.2 1.4 35
"37...1686" 0.4 -0.4 0.2 1.4 36
"38...1687" 0.36 -0.4 0.2 1.4 37
"39...1688" 0.4 -0.4 0.2 1.4 38
"40...1689" 0.45 -0.4 0.2 1.4 39
"41...1690" 0.33 -0.4 0.2 1.4 40
"42...1691" 0.45 -0.4 0.2 1.4 41
"43...1692" 0.52 -0.4 0.2 1.4 42
"44...1693" 0.49 -0.4 0.2 1.4 43
"45...1694" 0.41 -0.4 0.2 1.4 44
"46...1695" 0.45 -0.4 0.2 1.4 45
"47...1696" 0.5 -0.4 0.2 1.4 46
"48...1697" 0.42 -0.4 0.2 1.4 47
"49...1698" 0.49 -0.4 0.2 1.4 48
"50...1699" 0.55 -0.4 0.2 1.4 49
"51...1700" 0.55 -0.4 0.2 1.4 50
"52...1701" 0.43 -0.4 0.2 1.4 51
"53...1702" 0.55 -0.4 0.2 1.4 52
"54...1703" 0.56 -0.4 0.2 1.4 53
"55...1704" 0.47 -0.4 0.2 1.4 54
"56...1705" 0.55 -0.4 0.2 1.4 55
"57...1706" 0.49 -0.4 0.2 1.4 56
"58...1707" 0.45 -0.4 0.2 1.4 57
"59...1708" 0.47 -0.4 0.2 1.4 58
"60...1709" 0.47 -0.4 0.2 1.4 59
"61...1710" 0.55 -0.4 0.2 1.4 60
"62...1711" 0.57 -0.4 0.2 1.4 61
"63...1712" 0.46 -0.4 0.2 1.4 62
"64...1713" 0.58 -0.4 0.2 1.4 63
"65...1714" 0.52 -0.4 0.2 1.4 64
"66...1715" 0.57 -0.4 0.2 1.4 65
"67...1716" 0.54 -0.4 0.2 1.4 66
"68...1717" 0.67 -0.4 0.2 1.4 67
"69...1718" 0.64 -0.4 0.2 1.4 68
"70...1719" 0.57 -0.4 0.2 1.4 69
"71...1720" 0.49 -0.4 0.2 1.4 70
"72...1721" 0.51 -0.4 0.2 1.4 71
"73...1722" 0.67 -0.4 0.2 1.4 72
"74...1723" 0.53 -0.4 0.2 1.4 73
"75...1724" 0.68 -0.4 0.2 1.4 74
"76...1725" 0.55 -0.4 0.2 1.4 75
"77...1726" 0.62 -0.4 0.2 1.4 76
"78...1727" 0.75 -0.4 0.2 1.4 77
"79...1728" 0.68 -0.4 0.2 1.4 78
"80...1729" 0.72 -0.4 0.2 1.4 79
"81...1730" 0.67 -0.4 0.2 1.4 80
"82...1731" 0.68 -0.4 0.2 1.4 81
"83...1732" 0.65 -0.4 0.2 1.4 82
"84...1733" 0.63 -0.4 0.2 1.4 83
"85...1734" 0.67 -0.4 0.2 1.4 84
"86...1735" 0.67 -0.4 0.2 1.4 85
"87...1736" 0.71 -0.4 0.2 1.4 86
"88...1737" 0.64 -0.4 0.2 1.4 87
"89...1738" 0.65 -0.4 0.2 1.4 88
"90...1739" 0.78 -0.4 0.2 1.4 89
"91...1740" 0.73 -0.4 0.2 1.4 90
"92...1741" 0.71 -0.4 0.2 1.4 91
"93...1742" 0.66 -0.4 0.2 1.4 92
"94...1743" 0.68 -0.4 0.2 1.4 93
"95...1744" 0.69 -0.4 0.2 1.4 94
"96...1745" 0.78 -0.4 0.2 1.4 95
"97...1746" 0.76 -0.4 0.2 1.4 96
"98...1747" 0.65 -0.4 0.2 1.4 97
"99...1748" 0.69 -0.4 0.2 1.4 98
"100...1749" 0.68 -0.4 0.2 1.4 99
"101...1750" 0.71 -0.4 0.2 1.4 100
"102...1751" 0.78 -0.4 0.2 1.4 101
"103...1752" 0.8 -0.4 0.2 1.4 102
"104...1753" 0.7 -0.4 0.2 1.4 103
"105...1754" 0.78 -0.4 0.2 1.4 104
"106...1755" 0.76 -0.4 0.2 1.4 105
"107...1756" 0.77 -0.4 0.2 1.4 106
"108...1757" 0.78 -0.4 0.2 1.4 107
"109...1758" 0.75 -0.4 0.2 1.4 108
"110...1759" 0.75 -0.4 0.2 1.4 109
"111...1760" 0.81 -0.4 0.2 1.4 110
"112...1761" 0.77 -0.4 0.2 1.4 111
"113...1762" 0.63 -0.4 0.2 1.4 112
"114...1763" 0.77 -0.4 0.2 1.4 113
"115...1764" 0.83 -0.4 0.2 1.4 114
"116...1765" 0.8 -0.4 0.2 1.4 115
"117...1766" 0.77 -0.4 0.2 1.4 116
"118...1767" 0.83 -0.4 0.2 1.4 117
"119...1768" 0.78 -0.4 0.2 1.4 118
"120...1769" 0.81 -0.4 0.2 1.4 119
"121...1770" 0.78 -0.4 0.2 1.4 120
"122...1771" 0.76 -0.4 0.2 1.4 121
"123...1772" 0.82 -0.4 0.2 1.4 122
"124...1773" 0.81 -0.4 0.2 1.4 123
"125...1774" 0.84 -0.4 0.2 1.4 124
"126...1775" 0.84 -0.4 0.2 1.4 125
"127...1776" 0.81 -0.4 0.2 1.4 126
"128...1777" 0.77 -0.4 0.2 1.4 127
"129...1778" 0.83 -0.4 0.2 1.4 128
"130...1779" 0.8 -0.4 0.2 1.4 129
"131...1780" 0.82 -0.4 0.2 1.4 130
"132...1781" 0.77 -0.4 0.2 1.4 131
"133...1782" 0.82 -0.4 0.2 1.4 132
"134...1783" 0.8 -0.4 0.2 1.4 133
"135...1784" 0.87 -0.4 0.2 1.4 134
"136...1785" 0.8 -0.4 0.2 1.4 135
"137...1786" 0.83 -0.4 0.2 1.4 136
"138...1787" 0.84 -0.4 0.2 1.4 137
"139...1788" 0.88 -0.4 0.2 1.4 138
"140...1789" 0.85 -0.4 0.2 1.4 139
"141...1790" 0.86 -0.4 0.2 1.4 140
"142...1791" 0.85 -0.4 0.2 1.4 141
"143...1792" 0.83 -0.4 0.2 1.4 142
"144...1793" 0.81 -0.4 0.2 1.4 143
"145...1794" 0.85 -0.4 0.2 1.4 144
"146...1795" 0.82 -0.4 0.2 1.4 145
"147...1796" 0.88 -0.4 0.2 1.4 146
"148...1797" 0.87 -0.4 0.2 1.4 147
"149...1798" 0.89 -0.4 0.2 1.4 148
"150...1799" 0.87 -0.4 0.2 1.4 149
"151...1800" 0.9 -0.4 0.2 1.4 150
"152...1801" 0.87 -0.4 0.2 1.4 151
"153...1802" 0.86 -0.4 0.2 1.4 152
"154...1803" 0.89 -0.4 0.2 1.4 153
"155...1804" 0.82 -0.4 0.2 1.4 154
"156...1805" 0.88 -0.4 0.2 1.4 155
"157...1806" 0.91 -0.4 0.2 1.4 156
"158...1807" 0.91 -0.4 0.2 1.4 157
"159...1808" 0.92 -0.4 0.2 1.4 158
"160...1809" 0.89 -0.4 0.2 1.4 159
"161...1810" 0.88 -0.4 0.2 1.4 160
"162...1811" 0.87 -0.4 0.2 1.4 161
"163...1812" 0.86 -0.4 0.2 1.4 162
"164...1813" 0.84 -0.4 0.2 1.4 163
"165...1814" 0.91 -0.4 0.2 1.4 164
"166...1815" 0.9 -0.4 0.2 1.4 165
"167...1816" 0.89 -0.4 0.2 1.4 166
"168...1817" 0.89 -0.4 0.2 1.4 167
"169...1818" 0.87 -0.4 0.2 1.4 168
"170...1819" 0.92 -0.4 0.2 1.4 169
"171...1820" 0.88 -0.4 0.2 1.4 170
"172...1821" 0.89 -0.4 0.2 1.4 171
"173...1822" 0.91 -0.4 0.2 1.4 172
"174...1823" 0.87 -0.4 0.2 1.4 173
"175...1824" 0.9 -0.4 0.2 1.4 174
"176...1825" 0.87 -0.4 0.2 1.4 175
"177...1826" 0.9 -0.4 0.2 1.4 176
"178...1827" 0.89 -0.4 0.2 1.4 177
"179...1828" 0.98 -0.4 0.2 1.4 178
"2...1829" 0.11 -0.4 0.4 1.4 1
"3...1830" 0.11 -0.4 0.4 1.4 2
"4...1831" 0.14 -0.4 0.4 1.4 3
"5...1832" 0.17 -0.4 0.4 1.4 4
"6...1833" 0.17 -0.4 0.4 1.4 5
"7...1834" 0.1 -0.4 0.4 1.4 6
"8...1835" 0.15 -0.4 0.4 1.4 7
"9...1836" 0.18 -0.4 0.4 1.4 8
"10...1837" 0.15 -0.4 0.4 1.4 9
"11...1838" 0.16 -0.4 0.4 1.4 10
"12...1839" 0.18 -0.4 0.4 1.4 11
"13...1840" 0.18 -0.4 0.4 1.4 12
"14...1841" 0.25 -0.4 0.4 1.4 13
"15...1842" 0.18 -0.4 0.4 1.4 14
"16...1843" 0.21 -0.4 0.4 1.4 15
"17...1844" 0.22 -0.4 0.4 1.4 16
"18...1845" 0.34 -0.4 0.4 1.4 17
"19...1846" 0.22 -0.4 0.4 1.4 18
"20...1847" 0.34 -0.4 0.4 1.4 19
"21...1848" 0.18 -0.4 0.4 1.4 20
"22...1849" 0.24 -0.4 0.4 1.4 21
"23...1850" 0.34 -0.4 0.4 1.4 22
"24...1851" 0.29 -0.4 0.4 1.4 23
"25...1852" 0.26 -0.4 0.4 1.4 24
"26...1853" 0.34 -0.4 0.4 1.4 25
"27...1854" 0.26 -0.4 0.4 1.4 26
"28...1855" 0.32 -0.4 0.4 1.4 27
"29...1856" 0.37 -0.4 0.4 1.4 28
"30...1857" 0.35 -0.4 0.4 1.4 29
"31...1858" 0.3 -0.4 0.4 1.4 30
"32...1859" 0.38 -0.4 0.4 1.4 31
"33...1860" 0.37 -0.4 0.4 1.4 32
"34...1861" 0.34 -0.4 0.4 1.4 33
"35...1862" 0.38 -0.4 0.4 1.4 34
"36...1863" 0.34 -0.4 0.4 1.4 35
"37...1864" 0.4 -0.4 0.4 1.4 36
"38...1865" 0.36 -0.4 0.4 1.4 37
"39...1866" 0.4 -0.4 0.4 1.4 38
"40...1867" 0.45 -0.4 0.4 1.4 39
"41...1868" 0.33 -0.4 0.4 1.4 40
"42...1869" 0.45 -0.4 0.4 1.4 41
"43...1870" 0.52 -0.4 0.4 1.4 42
"44...1871" 0.49 -0.4 0.4 1.4 43
"45...1872" 0.41 -0.4 0.4 1.4 44
"46...1873" 0.45 -0.4 0.4 1.4 45
"47...1874" 0.5 -0.4 0.4 1.4 46
"48...1875" 0.42 -0.4 0.4 1.4 47
"49...1876" 0.49 -0.4 0.4 1.4 48
"50...1877" 0.55 -0.4 0.4 1.4 49
"51...1878" 0.55 -0.4 0.4 1.4 50
"52...1879" 0.43 -0.4 0.4 1.4 51
"53...1880" 0.55 -0.4 0.4 1.4 52
"54...1881" 0.56 -0.4 0.4 1.4 53
"55...1882" 0.47 -0.4 0.4 1.4 54
"56...1883" 0.55 -0.4 0.4 1.4 55
"57...1884" 0.49 -0.4 0.4 1.4 56
"58...1885" 0.45 -0.4 0.4 1.4 57
"59...1886" 0.47 -0.4 0.4 1.4 58
"60...1887" 0.47 -0.4 0.4 1.4 59
"61...1888" 0.55 -0.4 0.4 1.4 60
"62...1889" 0.57 -0.4 0.4 1.4 61
"63...1890" 0.46 -0.4 0.4 1.4 62
"64...1891" 0.58 -0.4 0.4 1.4 63
"65...1892" 0.52 -0.4 0.4 1.4 64
"66...1893" 0.57 -0.4 0.4 1.4 65
"67...1894" 0.54 -0.4 0.4 1.4 66
"68...1895" 0.67 -0.4 0.4 1.4 67
"69...1896" 0.64 -0.4 0.4 1.4 68
"70...1897" 0.57 -0.4 0.4 1.4 69
"71...1898" 0.49 -0.4 0.4 1.4 70
"72...1899" 0.51 -0.4 0.4 1.4 71
"73...1900" 0.67 -0.4 0.4 1.4 72
"74...1901" 0.53 -0.4 0.4 1.4 73
"75...1902" 0.68 -0.4 0.4 1.4 74
"76...1903" 0.55 -0.4 0.4 1.4 75
"77...1904" 0.62 -0.4 0.4 1.4 76
"78...1905" 0.75 -0.4 0.4 1.4 77
"79...1906" 0.68 -0.4 0.4 1.4 78
"80...1907" 0.72 -0.4 0.4 1.4 79
"81...1908" 0.67 -0.4 0.4 1.4 80
"82...1909" 0.68 -0.4 0.4 1.4 81
"83...1910" 0.65 -0.4 0.4 1.4 82
"84...1911" 0.63 -0.4 0.4 1.4 83
"85...1912" 0.67 -0.4 0.4 1.4 84
"86...1913" 0.67 -0.4 0.4 1.4 85
"87...1914" 0.71 -0.4 0.4 1.4 86
"88...1915" 0.64 -0.4 0.4 1.4 87
"89...1916" 0.65 -0.4 0.4 1.4 88
"90...1917" 0.78 -0.4 0.4 1.4 89
"91...1918" 0.73 -0.4 0.4 1.4 90
"92...1919" 0.71 -0.4 0.4 1.4 91
"93...1920" 0.66 -0.4 0.4 1.4 92
"94...1921" 0.68 -0.4 0.4 1.4 93
"95...1922" 0.69 -0.4 0.4 1.4 94
"96...1923" 0.78 -0.4 0.4 1.4 95
"97...1924" 0.76 -0.4 0.4 1.4 96
"98...1925" 0.65 -0.4 0.4 1.4 97
"99...1926" 0.69 -0.4 0.4 1.4 98
"100...1927" 0.68 -0.4 0.4 1.4 99
"101...1928" 0.71 -0.4 0.4 1.4 100
"102...1929" 0.78 -0.4 0.4 1.4 101
"103...1930" 0.8 -0.4 0.4 1.4 102
"104...1931" 0.7 -0.4 0.4 1.4 103
"105...1932" 0.78 -0.4 0.4 1.4 104
"106...1933" 0.76 -0.4 0.4 1.4 105
"107...1934" 0.77 -0.4 0.4 1.4 106
"108...1935" 0.78 -0.4 0.4 1.4 107
"109...1936" 0.75 -0.4 0.4 1.4 108
"110...1937" 0.75 -0.4 0.4 1.4 109
"111...1938" 0.81 -0.4 0.4 1.4 110
"112...1939" 0.77 -0.4 0.4 1.4 111
"113...1940" 0.63 -0.4 0.4 1.4 112
"114...1941" 0.77 -0.4 0.4 1.4 113
"115...1942" 0.83 -0.4 0.4 1.4 114
"116...1943" 0.8 -0.4 0.4 1.4 115
"117...1944" 0.77 -0.4 0.4 1.4 116
"118...1945" 0.83 -0.4 0.4 1.4 117
"119...1946" 0.78 -0.4 0.4 1.4 118
"120...1947" 0.81 -0.4 0.4 1.4 119
"121...1948" 0.78 -0.4 0.4 1.4 120
"122...1949" 0.76 -0.4 0.4 1.4 121
"123...1950" 0.82 -0.4 0.4 1.4 122
"124...1951" 0.81 -0.4 0.4 1.4 123
"125...1952" 0.84 -0.4 0.4 1.4 124
"126...1953" 0.84 -0.4 0.4 1.4 125
"127...1954" 0.81 -0.4 0.4 1.4 126
"128...1955" 0.77 -0.4 0.4 1.4 127
"129...1956" 0.83 -0.4 0.4 1.4 128
"130...1957" 0.8 -0.4 0.4 1.4 129
"131...1958" 0.82 -0.4 0.4 1.4 130
"132...1959" 0.77 -0.4 0.4 1.4 131
"133...1960" 0.82 -0.4 0.4 1.4 132
"134...1961" 0.8 -0.4 0.4 1.4 133
"135...1962" 0.87 -0.4 0.4 1.4 134
"136...1963" 0.8 -0.4 0.4 1.4 135
"137...1964" 0.83 -0.4 0.4 1.4 136
"138...1965" 0.84 -0.4 0.4 1.4 137
"139...1966" 0.88 -0.4 0.4 1.4 138
"140...1967" 0.85 -0.4 0.4 1.4 139
"141...1968" 0.86 -0.4 0.4 1.4 140
"142...1969" 0.85 -0.4 0.4 1.4 141
"143...1970" 0.83 -0.4 0.4 1.4 142
"144...1971" 0.81 -0.4 0.4 1.4 143
"145...1972" 0.85 -0.4 0.4 1.4 144
"146...1973" 0.82 -0.4 0.4 1.4 145
"147...1974" 0.88 -0.4 0.4 1.4 146
"148...1975" 0.87 -0.4 0.4 1.4 147
"149...1976" 0.89 -0.4 0.4 1.4 148
"150...1977" 0.87 -0.4 0.4 1.4 149
"151...1978" 0.9 -0.4 0.4 1.4 150
"152...1979" 0.87 -0.4 0.4 1.4 151
"153...1980" 0.86 -0.4 0.4 1.4 152
"154...1981" 0.89 -0.4 0.4 1.4 153
"155...1982" 0.82 -0.4 0.4 1.4 154
"156...1983" 0.88 -0.4 0.4 1.4 155
"157...1984" 0.91 -0.4 0.4 1.4 156
"158...1985" 0.91 -0.4 0.4 1.4 157
"159...1986" 0.92 -0.4 0.4 1.4 158
"160...1987" 0.89 -0.4 0.4 1.4 159
"161...1988" 0.88 -0.4 0.4 1.4 160
"162...1989" 0.87 -0.4 0.4 1.4 161
"163...1990" 0.86 -0.4 0.4 1.4 162
"164...1991" 0.84 -0.4 0.4 1.4 163
"165...1992" 0.91 -0.4 0.4 1.4 164
"166...1993" 0.9 -0.4 0.4 1.4 165
"167...1994" 0.89 -0.4 0.4 1.4 166
"168...1995" 0.89 -0.4 0.4 1.4 167
"169...1996" 0.87 -0.4 0.4 1.4 168
"170...1997" 0.92 -0.4 0.4 1.4 169
"171...1998" 0.88 -0.4 0.4 1.4 170
"172...1999" 0.89 -0.4 0.4 1.4 171
"173...2000" 0.91 -0.4 0.4 1.4 172
"174...2001" 0.87 -0.4 0.4 1.4 173
"175...2002" 0.9 -0.4 0.4 1.4 174
"176...2003" 0.87 -0.4 0.4 1.4 175
"177...2004" 0.9 -0.4 0.4 1.4 176
"178...2005" 0.89 -0.4 0.4 1.4 177
"179...2006" 0.98 -0.4 0.4 1.4 178
"2...2007" 0.11 -0.4 0.6 1.4 1
"3...2008" 0.11 -0.4 0.6 1.4 2
"4...2009" 0.14 -0.4 0.6 1.4 3
"5...2010" 0.17 -0.4 0.6 1.4 4
"6...2011" 0.17 -0.4 0.6 1.4 5
"7...2012" 0.1 -0.4 0.6 1.4 6
"8...2013" 0.15 -0.4 0.6 1.4 7
"9...2014" 0.18 -0.4 0.6 1.4 8
"10...2015" 0.15 -0.4 0.6 1.4 9
"11...2016" 0.16 -0.4 0.6 1.4 10
"12...2017" 0.18 -0.4 0.6 1.4 11
"13...2018" 0.18 -0.4 0.6 1.4 12
"14...2019" 0.25 -0.4 0.6 1.4 13
"15...2020" 0.18 -0.4 0.6 1.4 14
"16...2021" 0.21 -0.4 0.6 1.4 15
"17...2022" 0.22 -0.4 0.6 1.4 16
"18...2023" 0.34 -0.4 0.6 1.4 17
"19...2024" 0.22 -0.4 0.6 1.4 18
"20...2025" 0.34 -0.4 0.6 1.4 19
"21...2026" 0.18 -0.4 0.6 1.4 20
"22...2027" 0.24 -0.4 0.6 1.4 21
"23...2028" 0.34 -0.4 0.6 1.4 22
"24...2029" 0.29 -0.4 0.6 1.4 23
"25...2030" 0.26 -0.4 0.6 1.4 24
"26...2031" 0.34 -0.4 0.6 1.4 25
"27...2032" 0.26 -0.4 0.6 1.4 26
"28...2033" 0.32 -0.4 0.6 1.4 27
"29...2034" 0.37 -0.4 0.6 1.4 28
"30...2035" 0.35 -0.4 0.6 1.4 29
"31...2036" 0.3 -0.4 0.6 1.4 30
"32...2037" 0.38 -0.4 0.6 1.4 31
"33...2038" 0.37 -0.4 0.6 1.4 32
"34...2039" 0.34 -0.4 0.6 1.4 33
"35...2040" 0.38 -0.4 0.6 1.4 34
"36...2041" 0.34 -0.4 0.6 1.4 35
"37...2042" 0.4 -0.4 0.6 1.4 36
"38...2043" 0.36 -0.4 0.6 1.4 37
"39...2044" 0.4 -0.4 0.6 1.4 38
"40...2045" 0.45 -0.4 0.6 1.4 39
"41...2046" 0.33 -0.4 0.6 1.4 40
"42...2047" 0.45 -0.4 0.6 1.4 41
"43...2048" 0.52 -0.4 0.6 1.4 42
"44...2049" 0.49 -0.4 0.6 1.4 43
"45...2050" 0.41 -0.4 0.6 1.4 44
"46...2051" 0.45 -0.4 0.6 1.4 45
"47...2052" 0.5 -0.4 0.6 1.4 46
"48...2053" 0.42 -0.4 0.6 1.4 47
"49...2054" 0.49 -0.4 0.6 1.4 48
"50...2055" 0.55 -0.4 0.6 1.4 49
"51...2056" 0.55 -0.4 0.6 1.4 50
"52...2057" 0.43 -0.4 0.6 1.4 51
"53...2058" 0.55 -0.4 0.6 1.4 52
"54...2059" 0.56 -0.4 0.6 1.4 53
"55...2060" 0.47 -0.4 0.6 1.4 54
"56...2061" 0.55 -0.4 0.6 1.4 55
"57...2062" 0.49 -0.4 0.6 1.4 56
"58...2063" 0.45 -0.4 0.6 1.4 57
"59...2064" 0.47 -0.4 0.6 1.4 58
"60...2065" 0.47 -0.4 0.6 1.4 59
"61...2066" 0.55 -0.4 0.6 1.4 60
"62...2067" 0.57 -0.4 0.6 1.4 61
"63...2068" 0.46 -0.4 0.6 1.4 62
"64...2069" 0.58 -0.4 0.6 1.4 63
"65...2070" 0.52 -0.4 0.6 1.4 64
"66...2071" 0.57 -0.4 0.6 1.4 65
"67...2072" 0.54 -0.4 0.6 1.4 66
"68...2073" 0.67 -0.4 0.6 1.4 67
"69...2074" 0.64 -0.4 0.6 1.4 68
"70...2075" 0.57 -0.4 0.6 1.4 69
"71...2076" 0.49 -0.4 0.6 1.4 70
"72...2077" 0.51 -0.4 0.6 1.4 71
"73...2078" 0.67 -0.4 0.6 1.4 72
"74...2079" 0.53 -0.4 0.6 1.4 73
"75...2080" 0.68 -0.4 0.6 1.4 74
"76...2081" 0.55 -0.4 0.6 1.4 75
"77...2082" 0.62 -0.4 0.6 1.4 76
"78...2083" 0.75 -0.4 0.6 1.4 77
"79...2084" 0.68 -0.4 0.6 1.4 78
"80...2085" 0.72 -0.4 0.6 1.4 79
"81...2086" 0.67 -0.4 0.6 1.4 80
"82...2087" 0.68 -0.4 0.6 1.4 81
"83...2088" 0.65 -0.4 0.6 1.4 82
"84...2089" 0.63 -0.4 0.6 1.4 83
"85...2090" 0.67 -0.4 0.6 1.4 84
"86...2091" 0.67 -0.4 0.6 1.4 85
"87...2092" 0.71 -0.4 0.6 1.4 86
"88...2093" 0.64 -0.4 0.6 1.4 87
"89...2094" 0.65 -0.4 0.6 1.4 88
"90...2095" 0.78 -0.4 0.6 1.4 89
"91...2096" 0.73 -0.4 0.6 1.4 90
"92...2097" 0.71 -0.4 0.6 1.4 91
"93...2098" 0.66 -0.4 0.6 1.4 92
"94...2099" 0.68 -0.4 0.6 1.4 93
"95...2100" 0.69 -0.4 0.6 1.4 94
"96...2101" 0.78 -0.4 0.6 1.4 95
"97...2102" 0.76 -0.4 0.6 1.4 96
"98...2103" 0.65 -0.4 0.6 1.4 97
"99...2104" 0.69 -0.4 0.6 1.4 98
"100...2105" 0.68 -0.4 0.6 1.4 99
"101...2106" 0.71 -0.4 0.6 1.4 100
"102...2107" 0.78 -0.4 0.6 1.4 101
"103...2108" 0.8 -0.4 0.6 1.4 102
"104...2109" 0.7 -0.4 0.6 1.4 103
"105...2110" 0.78 -0.4 0.6 1.4 104
"106...2111" 0.76 -0.4 0.6 1.4 105
"107...2112" 0.77 -0.4 0.6 1.4 106
"108...2113" 0.78 -0.4 0.6 1.4 107
"109...2114" 0.75 -0.4 0.6 1.4 108
"110...2115" 0.75 -0.4 0.6 1.4 109
"111...2116" 0.81 -0.4 0.6 1.4 110
"112...2117" 0.77 -0.4 0.6 1.4 111
"113...2118" 0.63 -0.4 0.6 1.4 112
"114...2119" 0.77 -0.4 0.6 1.4 113
"115...2120" 0.83 -0.4 0.6 1.4 114
"116...2121" 0.8 -0.4 0.6 1.4 115
"117...2122" 0.77 -0.4 0.6 1.4 116
"118...2123" 0.83 -0.4 0.6 1.4 117
"119...2124" 0.78 -0.4 0.6 1.4 118
"120...2125" 0.81 -0.4 0.6 1.4 119
"121...2126" 0.78 -0.4 0.6 1.4 120
"122...2127" 0.76 -0.4 0.6 1.4 121
"123...2128" 0.82 -0.4 0.6 1.4 122
"124...2129" 0.81 -0.4 0.6 1.4 123
"125...2130" 0.84 -0.4 0.6 1.4 124
"126...2131" 0.84 -0.4 0.6 1.4 125
"127...2132" 0.81 -0.4 0.6 1.4 126
"128...2133" 0.77 -0.4 0.6 1.4 127
"129...2134" 0.83 -0.4 0.6 1.4 128
"130...2135" 0.8 -0.4 0.6 1.4 129
"131...2136" 0.82 -0.4 0.6 1.4 130
"132...2137" 0.77 -0.4 0.6 1.4 131
"133...2138" 0.82 -0.4 0.6 1.4 132
"134...2139" 0.8 -0.4 0.6 1.4 133
"135...2140" 0.87 -0.4 0.6 1.4 134
"136...2141" 0.8 -0.4 0.6 1.4 135
"137...2142" 0.83 -0.4 0.6 1.4 136
"138...2143" 0.84 -0.4 0.6 1.4 137
"139...2144" 0.88 -0.4 0.6 1.4 138
"140...2145" 0.85 -0.4 0.6 1.4 139
"141...2146" 0.86 -0.4 0.6 1.4 140
"142...2147" 0.85 -0.4 0.6 1.4 141
"143...2148" 0.83 -0.4 0.6 1.4 142
"144...2149" 0.81 -0.4 0.6 1.4 143
"145...2150" 0.85 -0.4 0.6 1.4 144
"146...2151" 0.82 -0.4 0.6 1.4 145
"147...2152" 0.88 -0.4 0.6 1.4 146
"148...2153" 0.87 -0.4 0.6 1.4 147
"149...2154" 0.89 -0.4 0.6 1.4 148
"150...2155" 0.87 -0.4 0.6 1.4 149
"151...2156" 0.9 -0.4 0.6 1.4 150
"152...2157" 0.87 -0.4 0.6 1.4 151
"153...2158" 0.86 -0.4 0.6 1.4 152
"154...2159" 0.89 -0.4 0.6 1.4 153
"155...2160" 0.82 -0.4 0.6 1.4 154
"156...2161" 0.88 -0.4 0.6 1.4 155
"157...2162" 0.91 -0.4 0.6 1.4 156
"158...2163" 0.91 -0.4 0.6 1.4 157
"159...2164" 0.92 -0.4 0.6 1.4 158
"160...2165" 0.89 -0.4 0.6 1.4 159
"161...2166" 0.88 -0.4 0.6 1.4 160
"162...2167" 0.87 -0.4 0.6 1.4 161
"163...2168" 0.86 -0.4 0.6 1.4 162
"164...2169" 0.84 -0.4 0.6 1.4 163
"165...2170" 0.91 -0.4 0.6 1.4 164
"166...2171" 0.9 -0.4 0.6 1.4 165
"167...2172" 0.89 -0.4 0.6 1.4 166
"168...2173" 0.89 -0.4 0.6 1.4 167
"169...2174" 0.87 -0.4 0.6 1.4 168
"170...2175" 0.92 -0.4 0.6 1.4 169
"171...2176" 0.88 -0.4 0.6 1.4 170
"172...2177" 0.89 -0.4 0.6 1.4 171
"173...2178" 0.91 -0.4 0.6 1.4 172
"174...2179" 0.87 -0.4 0.6 1.4 173
"175...2180" 0.9 -0.4 0.6 1.4 174
"176...2181" 0.87 -0.4 0.6 1.4 175
"177...2182" 0.9 -0.4 0.6 1.4 176
"178...2183" 0.89 -0.4 0.6 1.4 177
"179...2184" 0.98 -0.4 0.6 1.4 178
"2...2185" 0.1 -0.5 0.2 1.4 1
"3...2186" 0.12 -0.5 0.2 1.4 2
"4...2187" 0.18 -0.5 0.2 1.4 3
"5...2188" 0.17 -0.5 0.2 1.4 4
"6...2189" 0.19 -0.5 0.2 1.4 5
"7...2190" 0.13 -0.5 0.2 1.4 6
"8...2191" 0.21 -0.5 0.2 1.4 7
"9...2192" 0.2 -0.5 0.2 1.4 8
"10...2193" 0.21 -0.5 0.2 1.4 9
"11...2194" 0.19 -0.5 0.2 1.4 10
"12...2195" 0.29 -0.5 0.2 1.4 11
"13...2196" 0.22 -0.5 0.2 1.4 12
"14...2197" 0.34 -0.5 0.2 1.4 13
"15...2198" 0.24 -0.5 0.2 1.4 14
"16...2199" 0.25 -0.5 0.2 1.4 15
"17...2200" 0.31 -0.5 0.2 1.4 16
"18...2201" 0.38 -0.5 0.2 1.4 17
"19...2202" 0.3 -0.5 0.2 1.4 18
"20...2203" 0.39 -0.5 0.2 1.4 19
"21...2204" 0.3 -0.5 0.2 1.4 20
"22...2205" 0.33 -0.5 0.2 1.4 21
"23...2206" 0.42 -0.5 0.2 1.4 22
"24...2207" 0.4 -0.5 0.2 1.4 23
"25...2208" 0.36 -0.5 0.2 1.4 24
"26...2209" 0.47 -0.5 0.2 1.4 25
"27...2210" 0.41 -0.5 0.2 1.4 26
"28...2211" 0.44 -0.5 0.2 1.4 27
"29...2212" 0.42 -0.5 0.2 1.4 28
"30...2213" 0.43 -0.5 0.2 1.4 29
"31...2214" 0.4 -0.5 0.2 1.4 30
"32...2215" 0.49 -0.5 0.2 1.4 31
"33...2216" 0.49 -0.5 0.2 1.4 32
"34...2217" 0.46 -0.5 0.2 1.4 33
"35...2218" 0.52 -0.5 0.2 1.4 34
"36...2219" 0.41 -0.5 0.2 1.4 35
"37...2220" 0.55 -0.5 0.2 1.4 36
"38...2221" 0.49 -0.5 0.2 1.4 37
"39...2222" 0.56 -0.5 0.2 1.4 38
"40...2223" 0.52 -0.5 0.2 1.4 39
"41...2224" 0.46 -0.5 0.2 1.4 40
"42...2225" 0.61 -0.5 0.2 1.4 41
"43...2226" 0.58 -0.5 0.2 1.4 42
"44...2227" 0.57 -0.5 0.2 1.4 43
"45...2228" 0.57 -0.5 0.2 1.4 44
"46...2229" 0.59 -0.5 0.2 1.4 45
"47...2230" 0.69 -0.5 0.2 1.4 46
"48...2231" 0.6 -0.5 0.2 1.4 47
"49...2232" 0.67 -0.5 0.2 1.4 48
"50...2233" 0.7 -0.5 0.2 1.4 49
"51...2234" 0.69 -0.5 0.2 1.4 50
"52...2235" 0.52 -0.5 0.2 1.4 51
"53...2236" 0.65 -0.5 0.2 1.4 52
"54...2237" 0.71 -0.5 0.2 1.4 53
"55...2238" 0.62 -0.5 0.2 1.4 54
"56...2239" 0.65 -0.5 0.2 1.4 55
"57...2240" 0.63 -0.5 0.2 1.4 56
"58...2241" 0.7 -0.5 0.2 1.4 57
"59...2242" 0.7 -0.5 0.2 1.4 58
"60...2243" 0.69 -0.5 0.2 1.4 59
"61...2244" 0.71 -0.5 0.2 1.4 60
"62...2245" 0.68 -0.5 0.2 1.4 61
"63...2246" 0.7 -0.5 0.2 1.4 62
"64...2247" 0.71 -0.5 0.2 1.4 63
"65...2248" 0.66 -0.5 0.2 1.4 64
"66...2249" 0.72 -0.5 0.2 1.4 65
"67...2250" 0.76 -0.5 0.2 1.4 66
"68...2251" 0.79 -0.5 0.2 1.4 67
"69...2252" 0.83 -0.5 0.2 1.4 68
"70...2253" 0.74 -0.5 0.2 1.4 69
"71...2254" 0.68 -0.5 0.2 1.4 70
"72...2255" 0.7 -0.5 0.2 1.4 71
"73...2256" 0.8 -0.5 0.2 1.4 72
"74...2257" 0.74 -0.5 0.2 1.4 73
"75...2258" 0.79 -0.5 0.2 1.4 74
"76...2259" 0.72 -0.5 0.2 1.4 75
"77...2260" 0.82 -0.5 0.2 1.4 76
"78...2261" 0.87 -0.5 0.2 1.4 77
"79...2262" 0.84 -0.5 0.2 1.4 78
"80...2263" 0.86 -0.5 0.2 1.4 79
"81...2264" 0.86 -0.5 0.2 1.4 80
"82...2265" 0.86 -0.5 0.2 1.4 81
"83...2266" 0.83 -0.5 0.2 1.4 82
"84...2267" 0.86 -0.5 0.2 1.4 83
"85...2268" 0.79 -0.5 0.2 1.4 84
"86...2269" 0.81 -0.5 0.2 1.4 85
"87...2270" 0.86 -0.5 0.2 1.4 86
"88...2271" 0.8 -0.5 0.2 1.4 87
"89...2272" 0.81 -0.5 0.2 1.4 88
"90...2273" 0.9 -0.5 0.2 1.4 89
"91...2274" 0.87 -0.5 0.2 1.4 90
"92...2275" 0.9 -0.5 0.2 1.4 91
"93...2276" 0.78 -0.5 0.2 1.4 92
"94...2277" 0.83 -0.5 0.2 1.4 93
"95...2278" 0.82 -0.5 0.2 1.4 94
"96...2279" 0.91 -0.5 0.2 1.4 95
"97...2280" 0.93 -0.5 0.2 1.4 96
"98...2281" 0.76 -0.5 0.2 1.4 97
"99...2282" 0.81 -0.5 0.2 1.4 98
"100...2283" 0.8 -0.5 0.2 1.4 99
"101...2284" 0.86 -0.5 0.2 1.4 100
"102...2285" 0.9 -0.5 0.2 1.4 101
"103...2286" 0.88 -0.5 0.2 1.4 102
"104...2287" 0.84 -0.5 0.2 1.4 103
"105...2288" 0.91 -0.5 0.2 1.4 104
"106...2289" 0.89 -0.5 0.2 1.4 105
"107...2290" 0.87 -0.5 0.2 1.4 106
"108...2291" 0.92 -0.5 0.2 1.4 107
"109...2292" 0.93 -0.5 0.2 1.4 108
"110...2293" 0.89 -0.5 0.2 1.4 109
"111...2294" 0.94 -0.5 0.2 1.4 110
"112...2295" 0.91 -0.5 0.2 1.4 111
"113...2296" 0.84 -0.5 0.2 1.4 112
"114...2297" 0.89 -0.5 0.2 1.4 113
"115...2298" 0.95 -0.5 0.2 1.4 114
"2...2299" 0.1 -0.5 0.4 1.4 1
"3...2300" 0.12 -0.5 0.4 1.4 2
"4...2301" 0.18 -0.5 0.4 1.4 3
"5...2302" 0.17 -0.5 0.4 1.4 4
"6...2303" 0.19 -0.5 0.4 1.4 5
"7...2304" 0.13 -0.5 0.4 1.4 6
"8...2305" 0.21 -0.5 0.4 1.4 7
"9...2306" 0.2 -0.5 0.4 1.4 8
"10...2307" 0.21 -0.5 0.4 1.4 9
"11...2308" 0.19 -0.5 0.4 1.4 10
"12...2309" 0.29 -0.5 0.4 1.4 11
"13...2310" 0.22 -0.5 0.4 1.4 12
"14...2311" 0.34 -0.5 0.4 1.4 13
"15...2312" 0.24 -0.5 0.4 1.4 14
"16...2313" 0.25 -0.5 0.4 1.4 15
"17...2314" 0.31 -0.5 0.4 1.4 16
"18...2315" 0.38 -0.5 0.4 1.4 17
"19...2316" 0.3 -0.5 0.4 1.4 18
"20...2317" 0.39 -0.5 0.4 1.4 19
"21...2318" 0.3 -0.5 0.4 1.4 20
"22...2319" 0.33 -0.5 0.4 1.4 21
"23...2320" 0.42 -0.5 0.4 1.4 22
"24...2321" 0.4 -0.5 0.4 1.4 23
"25...2322" 0.36 -0.5 0.4 1.4 24
"26...2323" 0.47 -0.5 0.4 1.4 25
"27...2324" 0.41 -0.5 0.4 1.4 26
"28...2325" 0.44 -0.5 0.4 1.4 27
"29...2326" 0.42 -0.5 0.4 1.4 28
"30...2327" 0.43 -0.5 0.4 1.4 29
"31...2328" 0.4 -0.5 0.4 1.4 30
"32...2329" 0.49 -0.5 0.4 1.4 31
"33...2330" 0.49 -0.5 0.4 1.4 32
"34...2331" 0.46 -0.5 0.4 1.4 33
"35...2332" 0.52 -0.5 0.4 1.4 34
"36...2333" 0.41 -0.5 0.4 1.4 35
"37...2334" 0.55 -0.5 0.4 1.4 36
"38...2335" 0.49 -0.5 0.4 1.4 37
"39...2336" 0.56 -0.5 0.4 1.4 38
"40...2337" 0.52 -0.5 0.4 1.4 39
"41...2338" 0.46 -0.5 0.4 1.4 40
"42...2339" 0.61 -0.5 0.4 1.4 41
"43...2340" 0.58 -0.5 0.4 1.4 42
"44...2341" 0.57 -0.5 0.4 1.4 43
"45...2342" 0.57 -0.5 0.4 1.4 44
"46...2343" 0.59 -0.5 0.4 1.4 45
"47...2344" 0.69 -0.5 0.4 1.4 46
"48...2345" 0.6 -0.5 0.4 1.4 47
"49...2346" 0.67 -0.5 0.4 1.4 48
"50...2347" 0.7 -0.5 0.4 1.4 49
"51...2348" 0.69 -0.5 0.4 1.4 50
"52...2349" 0.52 -0.5 0.4 1.4 51
"53...2350" 0.65 -0.5 0.4 1.4 52
"54...2351" 0.71 -0.5 0.4 1.4 53
"55...2352" 0.62 -0.5 0.4 1.4 54
"56...2353" 0.65 -0.5 0.4 1.4 55
"57...2354" 0.63 -0.5 0.4 1.4 56
"58...2355" 0.7 -0.5 0.4 1.4 57
"59...2356" 0.7 -0.5 0.4 1.4 58
"60...2357" 0.69 -0.5 0.4 1.4 59
"61...2358" 0.71 -0.5 0.4 1.4 60
"62...2359" 0.68 -0.5 0.4 1.4 61
"63...2360" 0.7 -0.5 0.4 1.4 62
"64...2361" 0.71 -0.5 0.4 1.4 63
"65...2362" 0.66 -0.5 0.4 1.4 64
"66...2363" 0.72 -0.5 0.4 1.4 65
"67...2364" 0.76 -0.5 0.4 1.4 66
"68...2365" 0.79 -0.5 0.4 1.4 67
"69...2366" 0.83 -0.5 0.4 1.4 68
"70...2367" 0.74 -0.5 0.4 1.4 69
"71...2368" 0.68 -0.5 0.4 1.4 70
"72...2369" 0.7 -0.5 0.4 1.4 71
"73...2370" 0.8 -0.5 0.4 1.4 72
"74...2371" 0.74 -0.5 0.4 1.4 73
"75...2372" 0.79 -0.5 0.4 1.4 74
"76...2373" 0.72 -0.5 0.4 1.4 75
"77...2374" 0.82 -0.5 0.4 1.4 76
"78...2375" 0.87 -0.5 0.4 1.4 77
"79...2376" 0.84 -0.5 0.4 1.4 78
"80...2377" 0.86 -0.5 0.4 1.4 79
"81...2378" 0.86 -0.5 0.4 1.4 80
"82...2379" 0.86 -0.5 0.4 1.4 81
"83...2380" 0.83 -0.5 0.4 1.4 82
"84...2381" 0.86 -0.5 0.4 1.4 83
"85...2382" 0.79 -0.5 0.4 1.4 84
"86...2383" 0.81 -0.5 0.4 1.4 85
"87...2384" 0.86 -0.5 0.4 1.4 86
"88...2385" 0.8 -0.5 0.4 1.4 87
"89...2386" 0.81 -0.5 0.4 1.4 88
"90...2387" 0.9 -0.5 0.4 1.4 89
"91...2388" 0.87 -0.5 0.4 1.4 90
"92...2389" 0.9 -0.5 0.4 1.4 91
"93...2390" 0.78 -0.5 0.4 1.4 92
"94...2391" 0.83 -0.5 0.4 1.4 93
"95...2392" 0.82 -0.5 0.4 1.4 94
"96...2393" 0.91 -0.5 0.4 1.4 95
"97...2394" 0.93 -0.5 0.4 1.4 96
"98...2395" 0.76 -0.5 0.4 1.4 97
"99...2396" 0.81 -0.5 0.4 1.4 98
"100...2397" 0.8 -0.5 0.4 1.4 99
"101...2398" 0.86 -0.5 0.4 1.4 100
"102...2399" 0.9 -0.5 0.4 1.4 101
"103...2400" 0.88 -0.5 0.4 1.4 102
"104...2401" 0.84 -0.5 0.4 1.4 103
"105...2402" 0.91 -0.5 0.4 1.4 104
"106...2403" 0.89 -0.5 0.4 1.4 105
"107...2404" 0.87 -0.5 0.4 1.4 106
"108...2405" 0.92 -0.5 0.4 1.4 107
"109...2406" 0.93 -0.5 0.4 1.4 108
"110...2407" 0.89 -0.5 0.4 1.4 109
"111...2408" 0.94 -0.5 0.4 1.4 110
"112...2409" 0.91 -0.5 0.4 1.4 111
"113...2410" 0.84 -0.5 0.4 1.4 112
"114...2411" 0.89 -0.5 0.4 1.4 113
"115...2412" 0.95 -0.5 0.4 1.4 114
"2...2413" 0.1 -0.5 0.6 1.4 1
"3...2414" 0.12 -0.5 0.6 1.4 2
"4...2415" 0.18 -0.5 0.6 1.4 3
"5...2416" 0.17 -0.5 0.6 1.4 4
"6...2417" 0.19 -0.5 0.6 1.4 5
"7...2418" 0.13 -0.5 0.6 1.4 6
"8...2419" 0.21 -0.5 0.6 1.4 7
"9...2420" 0.2 -0.5 0.6 1.4 8
"10...2421" 0.21 -0.5 0.6 1.4 9
"11...2422" 0.19 -0.5 0.6 1.4 10
"12...2423" 0.29 -0.5 0.6 1.4 11
"13...2424" 0.22 -0.5 0.6 1.4 12
"14...2425" 0.34 -0.5 0.6 1.4 13
"15...2426" 0.24 -0.5 0.6 1.4 14
"16...2427" 0.25 -0.5 0.6 1.4 15
"17...2428" 0.31 -0.5 0.6 1.4 16
"18...2429" 0.38 -0.5 0.6 1.4 17
"19...2430" 0.3 -0.5 0.6 1.4 18
"20...2431" 0.39 -0.5 0.6 1.4 19
"21...2432" 0.3 -0.5 0.6 1.4 20
"22...2433" 0.33 -0.5 0.6 1.4 21
"23...2434" 0.42 -0.5 0.6 1.4 22
"24...2435" 0.4 -0.5 0.6 1.4 23
"25...2436" 0.36 -0.5 0.6 1.4 24
"26...2437" 0.47 -0.5 0.6 1.4 25
"27...2438" 0.41 -0.5 0.6 1.4 26
"28...2439" 0.44 -0.5 0.6 1.4 27
"29...2440" 0.42 -0.5 0.6 1.4 28
"30...2441" 0.43 -0.5 0.6 1.4 29
"31...2442" 0.4 -0.5 0.6 1.4 30
"32...2443" 0.49 -0.5 0.6 1.4 31
"33...2444" 0.49 -0.5 0.6 1.4 32
"34...2445" 0.46 -0.5 0.6 1.4 33
"35...2446" 0.52 -0.5 0.6 1.4 34
"36...2447" 0.41 -0.5 0.6 1.4 35
"37...2448" 0.55 -0.5 0.6 1.4 36
"38...2449" 0.49 -0.5 0.6 1.4 37
"39...2450" 0.56 -0.5 0.6 1.4 38
"40...2451" 0.52 -0.5 0.6 1.4 39
"41...2452" 0.46 -0.5 0.6 1.4 40
"42...2453" 0.61 -0.5 0.6 1.4 41
"43...2454" 0.58 -0.5 0.6 1.4 42
"44...2455" 0.57 -0.5 0.6 1.4 43
"45...2456" 0.57 -0.5 0.6 1.4 44
"46...2457" 0.59 -0.5 0.6 1.4 45
"47...2458" 0.69 -0.5 0.6 1.4 46
"48...2459" 0.6 -0.5 0.6 1.4 47
"49...2460" 0.67 -0.5 0.6 1.4 48
"50...2461" 0.7 -0.5 0.6 1.4 49
"51...2462" 0.69 -0.5 0.6 1.4 50
"52...2463" 0.52 -0.5 0.6 1.4 51
"53...2464" 0.65 -0.5 0.6 1.4 52
"54...2465" 0.71 -0.5 0.6 1.4 53
"55...2466" 0.62 -0.5 0.6 1.4 54
"56...2467" 0.65 -0.5 0.6 1.4 55
"57...2468" 0.63 -0.5 0.6 1.4 56
"58...2469" 0.7 -0.5 0.6 1.4 57
"59...2470" 0.7 -0.5 0.6 1.4 58
"60...2471" 0.69 -0.5 0.6 1.4 59
"61...2472" 0.71 -0.5 0.6 1.4 60
"62...2473" 0.68 -0.5 0.6 1.4 61
"63...2474" 0.7 -0.5 0.6 1.4 62
"64...2475" 0.71 -0.5 0.6 1.4 63
"65...2476" 0.66 -0.5 0.6 1.4 64
"66...2477" 0.72 -0.5 0.6 1.4 65
"67...2478" 0.76 -0.5 0.6 1.4 66
"68...2479" 0.79 -0.5 0.6 1.4 67
"69...2480" 0.83 -0.5 0.6 1.4 68
"70...2481" 0.74 -0.5 0.6 1.4 69
"71...2482" 0.68 -0.5 0.6 1.4 70
"72...2483" 0.7 -0.5 0.6 1.4 71
"73...2484" 0.8 -0.5 0.6 1.4 72
"74...2485" 0.74 -0.5 0.6 1.4 73
"75...2486" 0.79 -0.5 0.6 1.4 74
"76...2487" 0.72 -0.5 0.6 1.4 75
"77...2488" 0.82 -0.5 0.6 1.4 76
"78...2489" 0.87 -0.5 0.6 1.4 77
"79...2490" 0.84 -0.5 0.6 1.4 78
"80...2491" 0.86 -0.5 0.6 1.4 79
"81...2492" 0.86 -0.5 0.6 1.4 80
"82...2493" 0.86 -0.5 0.6 1.4 81
"83...2494" 0.83 -0.5 0.6 1.4 82
"84...2495" 0.86 -0.5 0.6 1.4 83
"85...2496" 0.79 -0.5 0.6 1.4 84
"86...2497" 0.81 -0.5 0.6 1.4 85
"87...2498" 0.86 -0.5 0.6 1.4 86
"88...2499" 0.8 -0.5 0.6 1.4 87
"89...2500" 0.81 -0.5 0.6 1.4 88
"90...2501" 0.9 -0.5 0.6 1.4 89
"91...2502" 0.87 -0.5 0.6 1.4 90
"92...2503" 0.9 -0.5 0.6 1.4 91
"93...2504" 0.78 -0.5 0.6 1.4 92
"94...2505" 0.83 -0.5 0.6 1.4 93
"95...2506" 0.82 -0.5 0.6 1.4 94
"96...2507" 0.91 -0.5 0.6 1.4 95
"97...2508" 0.93 -0.5 0.6 1.4 96
"98...2509" 0.76 -0.5 0.6 1.4 97
"99...2510" 0.81 -0.5 0.6 1.4 98
"100...2511" 0.8 -0.5 0.6 1.4 99
"101...2512" 0.86 -0.5 0.6 1.4 100
"102...2513" 0.9 -0.5 0.6 1.4 101
"103...2514" 0.88 -0.5 0.6 1.4 102
"104...2515" 0.84 -0.5 0.6 1.4 103
"105...2516" 0.91 -0.5 0.6 1.4 104
"106...2517" 0.89 -0.5 0.6 1.4 105
"107...2518" 0.87 -0.5 0.6 1.4 106
"108...2519" 0.92 -0.5 0.6 1.4 107
"109...2520" 0.93 -0.5 0.6 1.4 108
"110...2521" 0.89 -0.5 0.6 1.4 109
"111...2522" 0.94 -0.5 0.6 1.4 110
"112...2523" 0.91 -0.5 0.6 1.4 111
"113...2524" 0.84 -0.5 0.6 1.4 112
"114...2525" 0.89 -0.5 0.6 1.4 113
"115...2526" 0.95 -0.5 0.6 1.4 114
"2...2527" 0.11 -0.7 0.2 1.4 1
"3...2528" 0.14 -0.7 0.2 1.4 2
"4...2529" 0.18 -0.7 0.2 1.4 3
"5...2530" 0.19 -0.7 0.2 1.4 4
"6...2531" 0.24 -0.7 0.2 1.4 5
"7...2532" 0.26 -0.7 0.2 1.4 6
"8...2533" 0.27 -0.7 0.2 1.4 7
"9...2534" 0.29 -0.7 0.2 1.4 8
"10...2535" 0.26 -0.7 0.2 1.4 9
"11...2536" 0.25 -0.7 0.2 1.4 10
"12...2537" 0.45 -0.7 0.2 1.4 11
"13...2538" 0.31 -0.7 0.2 1.4 12
"14...2539" 0.42 -0.7 0.2 1.4 13
"15...2540" 0.42 -0.7 0.2 1.4 14
"16...2541" 0.45 -0.7 0.2 1.4 15
"17...2542" 0.43 -0.7 0.2 1.4 16
"18...2543" 0.56 -0.7 0.2 1.4 17
"19...2544" 0.5 -0.7 0.2 1.4 18
"20...2545" 0.56 -0.7 0.2 1.4 19
"21...2546" 0.46 -0.7 0.2 1.4 20
"22...2547" 0.6 -0.7 0.2 1.4 21
"23...2548" 0.57 -0.7 0.2 1.4 22
"24...2549" 0.69 -0.7 0.2 1.4 23
"25...2550" 0.61 -0.7 0.2 1.4 24
"26...2551" 0.69 -0.7 0.2 1.4 25
"27...2552" 0.58 -0.7 0.2 1.4 26
"28...2553" 0.66 -0.7 0.2 1.4 27
"29...2554" 0.71 -0.7 0.2 1.4 28
"30...2555" 0.7 -0.7 0.2 1.4 29
"31...2556" 0.65 -0.7 0.2 1.4 30
"32...2557" 0.8 -0.7 0.2 1.4 31
"33...2558" 0.73 -0.7 0.2 1.4 32
"34...2559" 0.77 -0.7 0.2 1.4 33
"35...2560" 0.76 -0.7 0.2 1.4 34
"36...2561" 0.78 -0.7 0.2 1.4 35
"37...2562" 0.78 -0.7 0.2 1.4 36
"38...2563" 0.78 -0.7 0.2 1.4 37
"39...2564" 0.87 -0.7 0.2 1.4 38
"40...2565" 0.88 -0.7 0.2 1.4 39
"41...2566" 0.78 -0.7 0.2 1.4 40
"42...2567" 0.84 -0.7 0.2 1.4 41
"43...2568" 0.82 -0.7 0.2 1.4 42
"44...2569" 0.79 -0.7 0.2 1.4 43
"45...2570" 0.76 -0.7 0.2 1.4 44
"46...2571" 0.83 -0.7 0.2 1.4 45
"47...2572" 0.86 -0.7 0.2 1.4 46
"48...2573" 0.85 -0.7 0.2 1.4 47
"49...2574" 0.93 -0.7 0.2 1.4 48
"50...2575" 0.89 -0.7 0.2 1.4 49
"51...2576" 0.86 -0.7 0.2 1.4 50
"52...2577" 0.87 -0.7 0.2 1.4 51
"53...2578" 0.92 -0.7 0.2 1.4 52
"54...2579" 0.93 -0.7 0.2 1.4 53
"55...2580" 0.9 -0.7 0.2 1.4 54
"56...2581" 0.89 -0.7 0.2 1.4 55
"57...2582" 0.88 -0.7 0.2 1.4 56
"58...2583" 0.96 -0.7 0.2 1.4 57
"2...2584" 0.11 -0.7 0.4 1.4 1
"3...2585" 0.14 -0.7 0.4 1.4 2
"4...2586" 0.18 -0.7 0.4 1.4 3
"5...2587" 0.19 -0.7 0.4 1.4 4
"6...2588" 0.24 -0.7 0.4 1.4 5
"7...2589" 0.26 -0.7 0.4 1.4 6
"8...2590" 0.27 -0.7 0.4 1.4 7
"9...2591" 0.29 -0.7 0.4 1.4 8
"10...2592" 0.26 -0.7 0.4 1.4 9
"11...2593" 0.25 -0.7 0.4 1.4 10
"12...2594" 0.45 -0.7 0.4 1.4 11
"13...2595" 0.31 -0.7 0.4 1.4 12
"14...2596" 0.42 -0.7 0.4 1.4 13
"15...2597" 0.42 -0.7 0.4 1.4 14
"16...2598" 0.45 -0.7 0.4 1.4 15
"17...2599" 0.43 -0.7 0.4 1.4 16
"18...2600" 0.56 -0.7 0.4 1.4 17
"19...2601" 0.5 -0.7 0.4 1.4 18
"20...2602" 0.56 -0.7 0.4 1.4 19
"21...2603" 0.46 -0.7 0.4 1.4 20
"22...2604" 0.6 -0.7 0.4 1.4 21
"23...2605" 0.57 -0.7 0.4 1.4 22
"24...2606" 0.69 -0.7 0.4 1.4 23
"25...2607" 0.61 -0.7 0.4 1.4 24
"26...2608" 0.69 -0.7 0.4 1.4 25
"27...2609" 0.58 -0.7 0.4 1.4 26
"28...2610" 0.66 -0.7 0.4 1.4 27
"29...2611" 0.71 -0.7 0.4 1.4 28
"30...2612" 0.7 -0.7 0.4 1.4 29
"31...2613" 0.65 -0.7 0.4 1.4 30
"32...2614" 0.8 -0.7 0.4 1.4 31
"33...2615" 0.73 -0.7 0.4 1.4 32
"34...2616" 0.77 -0.7 0.4 1.4 33
"35...2617" 0.76 -0.7 0.4 1.4 34
"36...2618" 0.78 -0.7 0.4 1.4 35
"37...2619" 0.78 -0.7 0.4 1.4 36
"38...2620" 0.78 -0.7 0.4 1.4 37
"39...2621" 0.87 -0.7 0.4 1.4 38
"40...2622" 0.88 -0.7 0.4 1.4 39
"41...2623" 0.78 -0.7 0.4 1.4 40
"42...2624" 0.84 -0.7 0.4 1.4 41
"43...2625" 0.82 -0.7 0.4 1.4 42
"44...2626" 0.79 -0.7 0.4 1.4 43
"45...2627" 0.76 -0.7 0.4 1.4 44
"46...2628" 0.83 -0.7 0.4 1.4 45
"47...2629" 0.86 -0.7 0.4 1.4 46
"48...2630" 0.85 -0.7 0.4 1.4 47
"49...2631" 0.93 -0.7 0.4 1.4 48
"50...2632" 0.89 -0.7 0.4 1.4 49
"51...2633" 0.86 -0.7 0.4 1.4 50
"52...2634" 0.87 -0.7 0.4 1.4 51
"53...2635" 0.92 -0.7 0.4 1.4 52
"54...2636" 0.93 -0.7 0.4 1.4 53
"55...2637" 0.9 -0.7 0.4 1.4 54
"56...2638" 0.89 -0.7 0.4 1.4 55
"57...2639" 0.88 -0.7 0.4 1.4 56
"58...2640" 0.96 -0.7 0.4 1.4 57
"2...2641" 0.11 -0.7 0.6 1.4 1
"3...2642" 0.14 -0.7 0.6 1.4 2
"4...2643" 0.18 -0.7 0.6 1.4 3
"5...2644" 0.19 -0.7 0.6 1.4 4
"6...2645" 0.24 -0.7 0.6 1.4 5
"7...2646" 0.26 -0.7 0.6 1.4 6
"8...2647" 0.27 -0.7 0.6 1.4 7
"9...2648" 0.29 -0.7 0.6 1.4 8
"10...2649" 0.26 -0.7 0.6 1.4 9
"11...2650" 0.25 -0.7 0.6 1.4 10
"12...2651" 0.45 -0.7 0.6 1.4 11
"13...2652" 0.31 -0.7 0.6 1.4 12
"14...2653" 0.42 -0.7 0.6 1.4 13
"15...2654" 0.42 -0.7 0.6 1.4 14
"16...2655" 0.45 -0.7 0.6 1.4 15
"17...2656" 0.43 -0.7 0.6 1.4 16
"18...2657" 0.56 -0.7 0.6 1.4 17
"19...2658" 0.5 -0.7 0.6 1.4 18
"20...2659" 0.56 -0.7 0.6 1.4 19
"21...2660" 0.46 -0.7 0.6 1.4 20
"22...2661" 0.6 -0.7 0.6 1.4 21
"23...2662" 0.57 -0.7 0.6 1.4 22
"24...2663" 0.69 -0.7 0.6 1.4 23
"25...2664" 0.61 -0.7 0.6 1.4 24
"26...2665" 0.69 -0.7 0.6 1.4 25
"27...2666" 0.58 -0.7 0.6 1.4 26
"28...2667" 0.66 -0.7 0.6 1.4 27
"29...2668" 0.71 -0.7 0.6 1.4 28
"30...2669" 0.7 -0.7 0.6 1.4 29
"31...2670" 0.65 -0.7 0.6 1.4 30
"32...2671" 0.8 -0.7 0.6 1.4 31
"33...2672" 0.73 -0.7 0.6 1.4 32
"34...2673" 0.77 -0.7 0.6 1.4 33
"35...2674" 0.76 -0.7 0.6 1.4 34
"36...2675" 0.78 -0.7 0.6 1.4 35
"37...2676" 0.78 -0.7 0.6 1.4 36
"38...2677" 0.78 -0.7 0.6 1.4 37
"39...2678" 0.87 -0.7 0.6 1.4 38
"40...2679" 0.88 -0.7 0.6 1.4 39
"41...2680" 0.78 -0.7 0.6 1.4 40
"42...2681" 0.84 -0.7 0.6 1.4 41
"43...2682" 0.82 -0.7 0.6 1.4 42
"44...2683" 0.79 -0.7 0.6 1.4 43
"45...2684" 0.76 -0.7 0.6 1.4 44
"46...2685" 0.83 -0.7 0.6 1.4 45
"47...2686" 0.86 -0.7 0.6 1.4 46
"48...2687" 0.85 -0.7 0.6 1.4 47
"49...2688" 0.93 -0.7 0.6 1.4 48
"50...2689" 0.89 -0.7 0.6 1.4 49
"51...2690" 0.86 -0.7 0.6 1.4 50
"52...2691" 0.87 -0.7 0.6 1.4 51
"53...2692" 0.92 -0.7 0.6 1.4 52
"54...2693" 0.93 -0.7 0.6 1.4 53
"55...2694" 0.9 -0.7 0.6 1.4 54
"56...2695" 0.89 -0.7 0.6 1.4 55
"57...2696" 0.88 -0.7 0.6 1.4 56
"58...2697" 0.96 -0.7 0.6 1.4 57
