"power_at_n" "id" "effect_size" "sd" "d"
"1" 0.36 1 -0.4 1 0.457243022796448
"2" 0.43 2 -0.4 1 0.445067796599916
"3" 0.32 3 -0.4 1 0.392851400523055
"4" 0.35 4 -0.4 1 0.426225958034023
"5" 0.33 5 -0.4 1 0.405237299245152
"6" 0.47 6 -0.4 1 0.452955367881407
"7" 0.39 7 -0.4 1 0.427669467057487
"8" 0.33 8 -0.4 1 0.380666712628641
"9" 0.39 9 -0.4 1 0.39871888663189
"10" 0.36 10 -0.4 1 0.403496152439993
"11" 0.37 11 -0.4 1 0.395545210133899
"12" 0.42 12 -0.4 1 0.403362005459903
"13" 0.54 13 -0.4 1 0.440742679624232
"14" 0.49 14 -0.4 1 0.396756645433733
"15" 0.53 15 -0.4 1 0.420099419725952
"16" 0.47 16 -0.4 1 0.399891242514877
"17" 0.48 17 -0.4 1 0.413977475132031
"18" 0.48 18 -0.4 1 0.401024051291291
"19" 0.61 19 -0.4 1 0.442958130903812
"20" 0.49 20 -0.4 1 0.371251552082214
"21" 0.46 21 -0.4 1 0.367048569204553
"22" 0.56 22 -0.4 1 0.395316312918369
"23" 0.51 23 -0.4 1 0.40767694583476
"24" 0.52 24 -0.4 1 0.396593370181546
"25" 0.52 25 -0.4 1 0.37927753446483
"26" 0.65 26 -0.4 1 0.42617749573468
"27" 0.55 27 -0.4 1 0.409580967266949
"28" 0.64 28 -0.4 1 0.405807946857165
"29" 0.68 29 -0.4 1 0.43819302360656
"30" 0.67 30 -0.4 1 0.442537408406291
"31" 0.71 31 -0.4 1 0.426964538981605
"32" 0.64 32 -0.4 1 0.396557552920914
"33" 0.66 33 -0.4 1 0.412427324622662
"34" 0.66 34 -0.4 1 0.399801713854186
"35" 0.7 35 -0.4 1 0.430336035700353
"36" 0.73 36 -0.4 1 0.413896201281994
"37" 0.68 37 -0.4 1 0.413289169471884
"38" 0.73 38 -0.4 1 0.429780341491403
"39" 0.67 39 -0.4 1 0.406060345742141
"40" 0.68 40 -0.4 1 0.406096387098427
"41" 0.66 41 -0.4 1 0.403390934781872
"42" 0.78 42 -0.4 1 0.445344396733258
"43" 0.75 43 -0.4 1 0.428130555439098
"44" 0.71 44 -0.4 1 0.387972605162322
"45" 0.7 45 -0.4 1 0.374710143652101
"46" 0.74 46 -0.4 1 0.409700363361423
"47" 0.73 47 -0.4 1 0.394106558606764
"48" 0.83 48 -0.4 1 0.430538222122877
"49" 0.74 49 -0.4 1 0.410786704661892
"50" 0.77 50 -0.4 1 0.4199000088471
"51" 0.8 51 -0.4 1 0.416355226291299
"52" 0.73 52 -0.4 1 0.401107123507312
"53" 0.73 53 -0.4 1 0.402447551178656
"54" 0.82 54 -0.4 1 0.429809046476249
"55" 0.82 55 -0.4 1 0.420781736292935
"56" 0.87 56 -0.4 1 0.414660151080496
"57" 0.8 57 -0.4 1 0.41665739790609
"58" 0.85 58 -0.4 1 0.428287395381743
"59" 0.75 59 -0.4 1 0.368988417500364
"60" 0.86 60 -0.4 1 0.429114427896427
"61" 0.81 61 -0.4 1 0.401734139086499
"62" 0.9 62 -0.4 1 0.419212259937747
"63" 0.85 63 -0.4 1 0.397704332280224
"64" 0.85 64 -0.4 1 0.389362290972142
"65" 0.76 65 -0.4 1 0.386719374575029
"66" 0.82 66 -0.4 1 0.391945158086879
"67" 0.85 67 -0.4 1 0.39453180837259
"68" 0.8 68 -0.4 1 0.392849053467055
"69" 0.86 69 -0.4 1 0.413997878259251
"70" 0.9 70 -0.4 1 0.424211394921786
"71" 0.85 71 -0.4 1 0.413615946331703
"72" 0.88 72 -0.4 1 0.408432205564792
"73" 0.85 73 -0.4 1 0.398077121923906
"74" 0.83 74 -0.4 1 0.381811011874945
"75" 0.85 75 -0.4 1 0.382385618468647
"76" 0.83 76 -0.4 1 0.379048780040849
"77" 0.92 77 -0.4 1 0.424410959565641
"78" 0.92 78 -0.4 1 0.415901943995116
"79" 0.91 79 -0.4 1 0.393610705351965
"80" 0.89 80 -0.4 1 0.411105781779854
"81" 0.84 81 -0.4 1 0.384747407445095
"82" 0.86 82 -0.4 1 0.409291871445758
"83" 0.83 83 -0.4 1 0.392822890650371
"84" 0.93 84 -0.4 1 0.411850171080571
"85" 0.89 85 -0.4 1 0.394692981238397
"86" 0.92 86 -0.4 1 0.418193811120566
"87" 0.87 87 -0.4 1 0.39272809461568
"88" 0.93 88 -0.4 1 0.403456560600092
"89" 0.92 89 -0.4 1 0.390102630830851
"90" 0.87 90 -0.4 1 0.399379413732726
"91" 0.88 91 -0.4 1 0.407048573754733
"92" 0.9 92 -0.4 1 0.383318669592625
"93" 0.88 93 -0.4 1 0.383304872471437
"94" 0.9 94 -0.4 1 0.398825941319434
"95" 0.93 95 -0.4 1 0.428427276204494
"96" 0.84 96 -0.4 1 0.382135967848985
"97" 0.93 97 -0.4 1 0.402624504300867
"98" 0.94 98 -0.4 1 0.411737913425554
"99" 0.92 99 -0.4 1 0.391802628403101
"100" 0.94 100 -0.4 1 0.415066789470228
"101" 0.92 101 -0.4 1 0.390984515865604
"102" 0.92 102 -0.4 1 0.410700037854996
"103" 0.93 103 -0.4 1 0.396041217903965
"104" 0.94 104 -0.4 1 0.398805709430781
"105" 0.94 105 -0.4 1 0.382822034981971
"106" 0.91 106 -0.4 1 0.378548839908048
"107" 0.91 107 -0.4 1 0.406954392131218
"108" 0.92 108 -0.4 1 0.404210854605006
"109" 0.91 109 -0.4 1 0.403311850177813
"110" 0.91 110 -0.4 1 0.393165869094509
"111" 0.93 111 -0.4 1 0.391316882546181
"112" 0.94 112 -0.4 1 0.387750540318022
"113" 0.97 113 -0.4 1 0.415234189507704
"114" 0.64 1 -0.6 1 0.625770547275573
"115" 0.57 2 -0.6 1 0.625440100228328
"116" 0.63 3 -0.6 1 0.579723589882807
"117" 0.68 4 -0.6 1 0.614419299798066
"118" 0.62 5 -0.6 1 0.591096440994492
"119" 0.74 6 -0.6 1 0.639416025710913
"120" 0.66 7 -0.6 1 0.611536691853368
"121" 0.62 8 -0.6 1 0.568930593637298
"122" 0.7 9 -0.6 1 0.582483383541865
"123" 0.74 10 -0.6 1 0.593290325606491
"124" 0.74 11 -0.6 1 0.584140088304298
"125" 0.72 12 -0.6 1 0.603152890217908
"126" 0.83 13 -0.6 1 0.633436113249872
"127" 0.8 14 -0.6 1 0.588731943249152
"128" 0.81 15 -0.6 1 0.607761541956757
"129" 0.82 16 -0.6 1 0.592069322749553
"130" 0.76 17 -0.6 1 0.603938270724838
"131" 0.83 18 -0.6 1 0.585422947200526
"132" 0.86 19 -0.6 1 0.643880664972148
"133" 0.8 20 -0.6 1 0.558633338161635
"134" 0.86 21 -0.6 1 0.563129508706238
"135" 0.86 22 -0.6 1 0.586284755002871
"136" 0.87 23 -0.6 1 0.596669331382905
"137" 0.81 24 -0.6 1 0.5952881206016
"138" 0.89 25 -0.6 1 0.573621304691705
"139" 0.95 26 -0.6 1 0.626986404171859
"140" 0.77 1 -0.8 1 0.815603755794057
"141" 0.79 2 -0.8 1 0.825456550085363
"142" 0.79 3 -0.8 1 0.781508009305376
"143" 0.84 4 -0.8 1 0.81491281349625
"144" 0.83 5 -0.8 1 0.794281131081667
"145" 0.92 6 -0.8 1 0.837121551690964
"146" 0.86 7 -0.8 1 0.810134565811659
"147" 0.88 8 -0.8 1 0.770605570585822
"148" 0.91 9 -0.8 1 0.781643221127921
"149" 0.94 10 -0.8 1 0.790588476196426
"150" 0.93 11 -0.8 1 0.784228866853979
"151" 0.96 12 -0.8 1 0.807041948911482
