"power_at_n" "id" "effect_size" "sd"
"1" 0.366 1 -0.4 1
"2" 0.354 2 -0.4 1
"3" 0.36 3 -0.4 1
"4" 0.372 4 -0.4 1
"5" 0.38 5 -0.4 1
"6" 0.4 6 -0.4 1
"7" 0.402 7 -0.4 1
"8" 0.414 8 -0.4 1
"9" 0.454 9 -0.4 1
"10" 0.486 10 -0.4 1
"11" 0.458 11 -0.4 1
"12" 0.438 12 -0.4 1
"13" 0.436 13 -0.4 1
"14" 0.49 14 -0.4 1
"15" 0.574 15 -0.4 1
"16" 0.514 16 -0.4 1
"17" 0.524 17 -0.4 1
"18" 0.538 18 -0.4 1
"19" 0.524 19 -0.4 1
"20" 0.518 20 -0.4 1
"21" 0.578 21 -0.4 1
"22" 0.546 22 -0.4 1
"23" 0.538 23 -0.4 1
"24" 0.592 24 -0.4 1
"25" 0.59 25 -0.4 1
"26" 0.598 26 -0.4 1
"27" 0.628 27 -0.4 1
"28" 0.608 28 -0.4 1
"29" 0.596 29 -0.4 1
"30" 0.644 30 -0.4 1
"31" 0.674 31 -0.4 1
"32" 0.648 32 -0.4 1
"33" 0.672 33 -0.4 1
"34" 0.648 34 -0.4 1
"35" 0.646 35 -0.4 1
"36" 0.67 36 -0.4 1
"37" 0.684 37 -0.4 1
"38" 0.686 38 -0.4 1
"39" 0.714 39 -0.4 1
"40" 0.68 40 -0.4 1
"41" 0.67 41 -0.4 1
"42" 0.672 42 -0.4 1
"43" 0.694 43 -0.4 1
"44" 0.738 44 -0.4 1
"45" 0.738 45 -0.4 1
"46" 0.728 46 -0.4 1
"47" 0.752 47 -0.4 1
"48" 0.72 48 -0.4 1
"49" 0.72 49 -0.4 1
"50" 0.758 50 -0.4 1
"51" 0.772 51 -0.4 1
"52" 0.776 52 -0.4 1
"53" 0.756 53 -0.4 1
"54" 0.752 54 -0.4 1
"55" 0.784 55 -0.4 1
"56" 0.782 56 -0.4 1
"57" 0.81 57 -0.4 1
"58" 0.786 58 -0.4 1
"59" 0.79 59 -0.4 1
"60" 0.794 60 -0.4 1
"61" 0.824 61 -0.4 1
"62" 0.794 62 -0.4 1
"63" 0.83 63 -0.4 1
"64" 0.844 64 -0.4 1
"65" 0.858 65 -0.4 1
"66" 0.87 66 -0.4 1
"67" 0.86 67 -0.4 1
"68" 0.82 68 -0.4 1
"69" 0.82 69 -0.4 1
"70" 0.854 70 -0.4 1
"71" 0.856 71 -0.4 1
"72" 0.85 72 -0.4 1
"73" 0.844 73 -0.4 1
"74" 0.838 74 -0.4 1
"75" 0.832 75 -0.4 1
"76" 0.858 76 -0.4 1
"77" 0.894 77 -0.4 1
"78" 0.886 78 -0.4 1
"79" 0.886 79 -0.4 1
"80" 0.876 80 -0.4 1
"81" 0.88 81 -0.4 1
"82" 0.872 82 -0.4 1
"83" 0.88 83 -0.4 1
"84" 0.898 84 -0.4 1
"85" 0.894 85 -0.4 1
"86" 0.874 86 -0.4 1
"87" 0.908 87 -0.4 1
"88" 0.886 88 -0.4 1
"89" 0.9 89 -0.4 1
"90" 0.896 90 -0.4 1
"91" 0.894 91 -0.4 1
"92" 0.912 92 -0.4 1
"93" 0.902 93 -0.4 1
"94" 0.94 94 -0.4 1
"95" 0.902 95 -0.4 1
"96" 0.904 96 -0.4 1
"97" 0.912 97 -0.4 1
"98" 0.936 98 -0.4 1
"99" 0.914 99 -0.4 1
"100" 0.934 100 -0.4 1
"101" 0.918 101 -0.4 1
"102" 0.944 102 -0.4 1
"103" 0.942 103 -0.4 1
"104" 0.922 104 -0.4 1
"105" 0.946 105 -0.4 1
"106" 0.918 106 -0.4 1
"107" 0.916 107 -0.4 1
"108" 0.946 108 -0.4 1
"109" 0.928 109 -0.4 1
"110" 0.928 110 -0.4 1
"111" 0.936 111 -0.4 1
"112" 0.95 112 -0.4 1
"113" 0.626 1 -0.6 1
"114" 0.606 2 -0.6 1
"115" 0.598 3 -0.6 1
"116" 0.622 4 -0.6 1
"117" 0.656 5 -0.6 1
"118" 0.686 6 -0.6 1
"119" 0.684 7 -0.6 1
"120" 0.698 8 -0.6 1
"121" 0.724 9 -0.6 1
"122" 0.758 10 -0.6 1
"123" 0.726 11 -0.6 1
"124" 0.738 12 -0.6 1
"125" 0.728 13 -0.6 1
"126" 0.786 14 -0.6 1
"127" 0.828 15 -0.6 1
"128" 0.812 16 -0.6 1
"129" 0.826 17 -0.6 1
"130" 0.822 18 -0.6 1
"131" 0.812 19 -0.6 1
"132" 0.806 20 -0.6 1
"133" 0.836 21 -0.6 1
"134" 0.842 22 -0.6 1
"135" 0.852 23 -0.6 1
"136" 0.872 24 -0.6 1
"137" 0.88 25 -0.6 1
"138" 0.888 26 -0.6 1
"139" 0.89 27 -0.6 1
"140" 0.902 28 -0.6 1
"141" 0.888 29 -0.6 1
"142" 0.918 30 -0.6 1
"143" 0.908 31 -0.6 1
"144" 0.906 32 -0.6 1
"145" 0.934 33 -0.6 1
"146" 0.922 34 -0.6 1
"147" 0.9 35 -0.6 1
"148" 0.93 36 -0.6 1
"149" 0.932 37 -0.6 1
"150" 0.93 38 -0.6 1
"151" 0.958 39 -0.6 1
"152" 0.796 1 -0.8 1
"153" 0.808 2 -0.8 1
"154" 0.824 3 -0.8 1
"155" 0.832 4 -0.8 1
"156" 0.858 5 -0.8 1
"157" 0.898 6 -0.8 1
"158" 0.86 7 -0.8 1
"159" 0.916 8 -0.8 1
"160" 0.916 9 -0.8 1
"161" 0.928 10 -0.8 1
"162" 0.926 11 -0.8 1
"163" 0.92 12 -0.8 1
"164" 0.928 13 -0.8 1
"165" 0.942 14 -0.8 1
"166" 0.95 15 -0.8 1
